achilles,0,0,0,0,0,0,0,0,0,8,0,5,0.033,11,4,0,0,2,2,2,3,2,2,0
achilles,0,0,0,0,0,0,0,0,0,9,1,7,0.013,15,4,0,0,2,2,2,2,2,2,2
achilles,0,1,0,0,0,0,0,0,0,14,2,10,0.034,15,4,0,0,2,2,2,2,2,2,5
achilles,0,1,0,1,0,1,0,0,0,26,9,19,0.036,23,4,0,1,2,2,2,2,3,3,35
achilles,0,1,0,1,0,0,0,0,0,7,2,4,0.059,8,3,0,1,2,2,1,1,0,0,3
achilles,0,1,0,0,0,1,0,0,0,18,7,13,0.915,21,4,0,0,2,2,4,4,2,2,21
achilles,0,0,0,0,0,0,0,0,0,5,1,2,0.001,7,3,0,1,2,2,2,2,2,2,2
achilles,0,0,0,0,0,0,0,0,0,4,1,3,0.005,7,3,0,1,2,2,2,2,2,2,3
achilles,0,0,0,0,0,0,0,0,0,5,1,2,0.002,8,3,0,0,2,2,2,2,0,0,2
achilles,0,0,0,0,0,0,0,0,0,5,1,2,0.008,8,3,0,0,2,2,2,2,0,0,2
achilles,0,0,0,0,0,0,0,0,0,7,1,3,0.006,10,3,0,0,2,2,2,2,2,2,2
achilles,0,0,0,0,0,0,0,0,0,7,1,4,0.12,11,3,0,0,2,2,3,2,0,0,3
achilles,0,0,0,0,0,0,0,0,0,10,1,7,0.116,10,3,0,0,2,2,2,2,2,2,7
achilles,0,0,0,0,0,0,0,0,0,7,1,5,0.001,8,3,0,0,2,2,2,2,2,2,2
achilles,0,0,0,0,0,0,0,0,0,10,1,3,0.026,8,3,0,1,2,2,2,2,2,2,4
achilles,0,0,0,0,0,0,0,0,0,7,1,3,0.004,8,3,0,0,2,2,2,2,2,2,2
achilles,0,0,0,0,0,0,0,0,0,5,1,2,0,6,3,0,0,2,1,2,2,0,0,2
achilles,0,0,0,0,0,0,0,0,0,8,1,6,1.528,31,4,0,0,2,2,4,4,5,5,2
achilles,0,0,0,0,0,0,0,0,0,11,1,4,0.001,4,3,0,0,2,2,2,2,2,2,2
achilles,0,0,0,0,0,0,0,0,0,11,1,4,0.005,7,3,0,0,2,2,2,2,2,2,2
achilles,0,0,0,0,0,0,0,0,0,7,1,4,0.004,10,3,0,0,2,2,2,2,2,2,2
achilles,0,1,0,0,0,1,0,0,0,8,2,4,0.011,12,4,0,0,2,2,2,2,2,2,4
achilles,0,0,0,0,0,0,0,0,0,11,1,5,0.002,9,3,0,0,2,2,2,2,2,2,3
achilles,0,0,0,0,0,0,0,0,0,11,1,5,0.001,8,3,0,0,2,2,2,2,2,2,2
achilles,0,1,0,0,0,0,0,0,0,8,2,4,0.048,9,3,0,1,2,2,2,2,2,2,5
achilles,0,0,0,0,0,0,0,0,0,10,1,7,0.046,20,5,0,0,2,2,2,2,2,2,5
achilles,0,1,0,0,0,0,0,0,0,8,2,4,0.007,9,3,0,1,2,2,2,2,4,4,5
achilles,0,0,0,0,0,0,0,0,0,3,1,1,0.001,5,3,0,1,0,1,2,2,0,0,2
achilles,0,0,0,0,0,0,0,0,0,11,1,5,1.057,12,3,0,0,2,2,2,2,2,2,4
achilles,0,0,0,0,0,0,0,0,0,7,1,3,0.001,8,3,0,1,2,2,2,2,2,2,2
achilles,0,0,0,0,0,0,0,0,0,5,1,2,0.002,6,3,0,1,0,1,1,1,2,2,2
achilles,0,0,0,0,0,0,0,0,0,4,1,5,0.016,8,3,0,0,2,2,2,2,2,2,2
achilles,0,0,0,0,0,0,0,0,0,7,1,4,0.003,8,3,0,0,2,2,2,2,2,2,3
achilles,0,0,0,0,0,0,0,0,0,6,1,3,0.024,6,3,0,0,2,2,2,2,2,2,3
achilles,0,1,0,1,0,0,0,0,0,21,2,3,25.794,50,10,0,0,2,2,2,3,3,3,4
achilles,0,0,0,1,0,0,0,0,0,26,0,20,1.832,86,20,0,1,3,3,4,4,5,5,7
achilles,0,0,0,1,0,0,0,0,0,9,0,8,0.983,48,19,0,1,2,3,2,3,4,4,5
achilles,0,0,0,1,0,0,0,0,0,7,0,3,0.051,5,2,0,0,2,2,2,2,3,3,0
achilles,0,0,0,0,0,0,0,0,0,3,0,0,0.005,5,2,0,0,2,2,2,2,2,2,0
achilles,0,0,0,0,0,0,0,0,0,4,1,1,1.151,15,2,0,0,2,2,2,2,3,3,2
achilles,0,0,0,0,0,1,0,0,0,10,1,5,0.014,11,5,0,0,0,1,1,1,1,1,5
achilles,0,0,0,0,0,1,0,0,0,10,1,4,0.001,11,5,0,0,0,1,1,1,1,1,5
achilles,0,0,0,0,0,1,0,0,0,12,1,8,0.001,14,5,1,1,1,1,1,1,2,2,10
achilles,0,0,0,0,0,1,0,0,0,11,1,5,0.011,11,5,0,0,0,1,1,1,1,1,7
achilles,0,0,0,0,0,1,0,0,0,12,1,8,0.133,14,5,1,1,1,1,1,1,2,2,10
achilles,0,0,0,0,0,1,0,0,0,10,1,4,0.001,11,5,0,0,0,1,1,1,1,1,6
achilles,0,0,0,0,0,1,0,0,0,12,1,8,0.002,15,5,1,1,1,1,1,1,1,1,9
achilles,0,0,0,0,0,1,0,0,0,11,1,5,0.002,11,5,0,0,0,1,1,1,1,1,8
achilles,0,1,0,0,0,1,0,0,0,12,2,6,0.004,17,7,1,1,1,1,1,1,2,2,6
achilles,0,1,0,0,0,0,0,0,0,12,2,3,0.092,22,14,1,1,1,2,2,2,2,2,0
achilles,0,0,0,0,0,0,0,0,0,7,1,3,0.007,10,3,1,1,1,1,1,1,2,2,2
achilles,0,1,0,0,0,0,0,0,0,13,3,10,0.087,17,3,1,1,1,1,1,1,2,2,8
achilles,0,1,0,0,0,0,0,0,0,15,4,9,0.007,14,3,1,1,1,1,1,1,2,2,12
achilles,0,1,0,0,0,0,0,0,0,9,3,6,0.003,11,3,1,1,1,1,1,1,2,2,7
achilles,0,1,0,0,0,1,0,0,0,37,7,29,0.376,71,7,1,1,2,2,2,2,3,3,41
achilles,0,0,0,0,0,0,0,0,0,3,1,2,0.001,8,4,1,1,1,1,1,1,2,2,2
achilles,0,0,0,0,0,0,0,0,0,15,1,3,0.476,21,10,1,1,1,2,2,2,2,2,0
achilles,0,0,0,0,0,0,0,0,0,3,0,1,0.01,8,3,1,1,1,1,1,1,2,2,0
achilles,0,0,0,0,0,1,0,0,0,11,0,4,0.01,12,3,1,1,1,1,1,1,2,2,2
achilles,0,0,0,1,0,0,0,0,0,11,1,4,0.063,7,2,0,0,2,2,2,3,3,3,4
achilles,0,0,0,1,0,1,0,0,0,14,1,6,2.102,8,2,0,0,0,1,1,1,1,1,4
achilles,0,0,0,0,0,0,0,0,0,8,1,2,0.044,4,2,0,0,2,2,2,2,2,2,2
achilles,0,0,0,0,0,0,0,0,0,10,1,3,0.001,5,2,0,1,1,1,1,1,1,1,2
achilles,0,0,0,0,0,0,0,0,0,10,1,3,0.008,5,2,0,0,1,1,1,1,1,1,2
achilles,0,0,0,1,0,0,0,0,0,17,1,5,0.011,8,3,0,0,1,1,1,1,1,1,2
achilles,0,1,0,0,0,1,0,0,0,25,4,26,2.439,79,30,1,1,2,2,2,2,3,3,27
achilles,0,1,0,0,0,1,0,0,0,24,4,20,0.009,59,26,0,0,2,2,2,3,3,3,21
achilles,0,0,0,0,0,1,0,0,0,14,1,4,0.566,14,7,0,0,0,1,1,2,3,3,7
achilles,0,0,0,0,0,1,0,0,0,12,1,5,0.003,9,4,0,0,0,1,2,2,3,3,7
achilles,0,0,0,0,0,1,0,0,0,11,1,5,0.057,9,4,0,0,0,1,2,2,3,3,8
achilles,0,0,0,0,0,1,0,0,0,13,0,12,0.004,27,13,0,0,0,1,2,3,4,4,9
achilles,0,0,0,0,0,1,0,0,0,13,0,12,0.006,26,13,1,1,1,1,2,2,3,3,9
achilles,0,0,0,0,0,1,0,0,0,10,0,12,0.071,30,13,0,0,0,2,3,3,4,4,11
achilles,0,0,0,0,0,1,0,0,0,14,0,17,0.013,35,17,0,0,0,2,3,3,4,4,10
achilles,0,0,0,0,0,1,0,0,0,14,0,12,0.023,30,14,0,0,1,2,3,3,4,4,9
achilles,0,0,0,0,0,1,0,0,0,14,0,14,0.003,35,17,0,0,0,2,2,3,3,3,7
achilles,0,0,0,0,0,1,0,0,0,17,1,16,0.129,28,13,0,0,0,2,2,2,3,3,18
achilles,0,0,0,0,0,1,0,0,0,8,0,10,0.045,24,13,1,1,1,2,2,2,3,3,7
achilles,0,0,0,0,0,0,0,0,0,10,0,11,0.048,22,13,0,0,0,1,1,2,3,3,4
achilles,0,0,0,0,0,1,0,0,0,12,1,11,0.104,22,13,0,0,0,2,2,2,3,3,6
achilles,0,0,0,0,0,1,0,0,0,17,1,15,0.017,28,14,0,0,0,1,1,1,2,2,16
achilles,0,0,0,0,0,1,0,0,0,22,1,20,0.055,39,13,0,0,0,2,2,3,4,4,22
achilles,0,0,0,0,0,1,0,0,0,22,1,20,0.017,39,13,0,0,0,2,2,3,4,4,22
achilles,0,0,0,0,0,1,0,0,0,19,1,17,0.01,35,13,0,0,0,2,2,3,4,4,15
achilles,0,0,0,0,0,1,0,0,0,17,1,17,0.03,34,17,0,0,0,2,2,3,4,4,14
achilles,0,0,0,0,0,1,0,0,0,14,0,14,0.004,35,17,0,0,0,2,2,2,3,3,7
achilles,0,0,0,0,0,1,0,0,0,18,1,16,0.153,31,15,0,0,0,2,3,3,4,4,17
achilles,0,0,0,0,0,0,0,0,0,6,1,9,0.016,21,13,0,0,0,2,2,2,2,2,6
achilles,0,0,0,0,0,1,0,0,0,16,0,15,0.006,35,17,0,0,0,2,2,2,3,3,12
achilles,0,0,0,0,0,1,0,0,0,15,0,17,1.745,43,17,0,0,0,2,2,2,3,3,12
achilles,0,0,0,0,0,1,0,0,0,15,0,14,0.281,32,18,1,1,1,2,2,2,3,3,10
achilles,0,1,0,0,0,1,0,0,0,25,2,26,0.292,91,19,1,1,2,2,3,3,4,4,23
achilles,0,1,0,0,0,1,0,0,0,26,4,24,0.024,47,17,1,1,1,2,3,3,4,4,29
achilles,0,0,0,0,0,1,0,0,0,13,0,13,0.012,27,13,0,0,0,2,2,2,3,3,6
achilles,0,0,0,0,0,1,0,0,0,15,1,14,0.06,27,13,0,0,0,1,2,3,4,4,17
achilles,0,0,0,0,0,1,0,0,0,13,1,7,0.194,63,25,0,0,1,2,2,3,3,3,6
achilles,0,0,0,0,0,1,0,0,0,7,0,3,0.475,48,36,1,1,1,2,2,2,3,3,2
achilles,0,0,0,0,0,1,0,0,0,7,0,5,0.006,62,25,0,0,1,2,2,3,3,3,2
achilles,0,0,0,0,0,1,0,0,0,5,0,8,0.001,61,25,0,0,1,2,2,3,3,3,4
achilles,0,0,0,0,0,1,0,0,0,5,0,9,0.331,45,34,1,1,1,2,2,3,3,3,4
achilles,0,0,0,0,0,1,0,0,0,7,0,11,0.007,69,28,0,0,1,2,2,3,3,3,4
achilles,0,0,0,0,0,1,0,0,0,7,0,11,0.012,69,28,0,0,1,2,2,3,4,4,4
achilles,0,0,0,0,0,1,0,0,0,6,1,9,0.003,61,25,0,0,1,2,2,3,3,3,8
achilles,0,0,0,0,0,1,0,0,0,11,1,14,0.004,72,28,0,0,1,2,2,3,4,4,7
achilles,0,0,0,0,0,1,0,0,0,11,1,13,0.221,72,28,0,0,1,2,2,3,4,4,11
achilles,0,0,0,0,0,1,0,0,0,6,1,9,0.01,61,25,0,0,1,2,2,3,3,3,8
achilles,0,0,0,0,0,1,0,0,0,7,0,11,0.006,69,28,0,0,1,2,2,3,4,4,4
achilles,0,0,0,0,0,1,0,0,0,5,0,8,0.015,61,25,0,0,1,2,2,3,4,4,4
achilles,0,0,0,0,0,1,0,0,0,14,0,15,0.012,74,28,0,0,1,2,2,3,3,3,6
achilles,0,0,0,0,0,1,0,0,0,6,0,9,0.006,62,25,0,0,1,2,2,3,3,3,4
achilles,0,0,0,0,0,1,0,0,0,6,1,8,0.007,61,25,0,0,1,2,2,3,4,4,7
achilles,0,0,0,0,0,1,0,0,0,7,1,11,0.011,69,28,0,0,1,2,2,3,4,4,7
achilles,0,1,0,0,0,0,0,0,0,8,2,1,0.153,10,6,1,1,1,2,2,2,2,2,0
achilles,0,0,0,0,0,0,0,0,0,3,0,1,0.005,6,3,1,1,1,1,1,1,2,2,0
achilles,0,0,0,0,0,0,0,0,0,3,0,1,0.001,6,3,1,1,1,1,1,1,2,2,0
achilles,0,0,0,0,0,1,0,0,0,8,1,5,0.221,8,3,1,1,1,1,1,1,2,2,5
achilles,0,0,0,0,0,1,0,0,0,9,0,6,0.005,13,3,0,0,0,0,0,1,1,1,7
achilles,0,0,0,0,0,1,0,0,0,7,1,4,0.134,8,3,0,0,0,0,0,0,1,1,3
achilles,0,0,0,0,0,0,0,0,0,3,1,2,0.002,8,4,1,1,1,1,1,1,2,2,2
achilles,0,0,0,0,0,1,0,0,0,12,0,8,0.181,15,6,1,1,1,1,1,2,2,2,3
achilles,0,1,0,0,0,1,0,0,0,16,6,25,0.019,88,30,1,1,1,2,2,3,4,4,18
achilles,0,1,0,0,0,1,0,0,0,16,6,16,0.57,59,39,1,1,1,2,2,3,3,3,18
achilles,0,1,0,0,0,1,0,0,0,14,6,17,0.034,78,30,1,1,1,2,2,3,3,3,17
achilles,0,1,0,0,0,1,0,0,0,13,6,15,0.005,77,30,1,1,1,2,2,3,3,3,15
achilles,0,1,0,0,0,1,0,0,0,11,2,10,0.476,47,33,1,1,1,2,2,3,3,3,10
achilles,0,0,0,0,0,1,0,0,0,12,1,11,0.019,66,25,0,0,1,2,2,3,3,3,11
achilles,0,0,0,0,0,1,0,0,0,8,1,10,0.011,63,25,0,0,1,2,2,3,4,4,10
achilles,0,0,0,0,0,1,0,0,0,7,1,9,0.008,61,25,0,0,1,2,2,3,3,3,7
achilles,0,0,0,0,0,1,0,0,0,7,1,9,0.057,64,25,0,0,1,2,2,3,3,3,7
achilles,0,0,0,0,0,1,0,0,0,7,1,9,0.144,64,25,0,0,1,2,2,3,3,3,8
achilles,0,0,0,0,0,1,0,0,0,19,1,22,0.502,53,35,1,1,1,2,2,2,3,3,13
achilles,0,0,0,0,0,1,0,0,0,8,0,10,0.004,74,25,0,0,1,2,2,3,3,3,7
achilles,0,0,0,0,0,1,0,0,0,16,0,14,0.024,66,25,0,0,1,2,2,3,3,3,9
achilles,0,0,0,0,0,1,0,0,0,8,1,10,0.003,65,25,0,0,1,2,2,3,3,3,9
achilles,0,0,0,0,0,1,0,0,0,16,0,14,0.018,66,25,0,0,1,2,2,3,3,3,9
achilles,0,0,0,0,0,1,0,0,0,8,0,3,0.178,10,7,0,0,1,1,1,1,1,1,3
achilles,0,0,0,0,0,1,0,0,0,10,0,3,0.002,12,7,0,0,1,1,1,2,2,2,2
achilles,0,0,0,0,0,1,0,0,0,14,1,6,0.038,14,7,0,0,1,1,1,1,2,2,9
achilles,0,0,0,0,0,0,0,0,0,4,1,2,0,9,7,0,0,1,1,1,1,2,2,2
achilles,0,0,0,0,0,0,0,0,0,4,1,2,0.195,12,9,0,1,3,3,3,3,3,3,2
achilles,0,0,0,0,0,0,0,0,0,13,1,4,0.292,12,7,0,0,1,1,1,1,2,2,6
achilles,0,0,0,0,0,1,0,0,0,11,0,4,0.218,17,10,0,0,2,2,2,2,3,3,3
achilles,0,0,0,0,0,1,0,0,0,11,0,5,0.133,13,7,0,0,1,1,1,1,2,2,6
achilles,0,0,0,0,0,1,0,0,0,11,0,4,0.002,13,7,0,0,1,1,1,1,2,2,3
achilles,0,1,0,0,0,1,0,0,0,41,15,28,2.591,86,42,1,1,1,2,2,3,4,4,42
achilles,0,1,0,0,0,0,0,0,0,24,20,20,0.003,22,2,0,0,0,1,1,1,1,1,40
achilles,0,1,0,0,0,0,0,0,0,31,24,24,0.009,27,2,0,0,0,1,1,1,1,1,48
achilles,0,0,0,0,0,0,0,0,0,8,1,4,0.005,7,2,0,0,0,1,1,1,1,1,6
achilles,0,0,0,0,0,0,0,0,0,8,1,4,1.998,97,2,1,1,1,2,2,3,4,4,6
achilles,0,0,0,0,0,0,0,0,0,4,1,1,0.819,25,3,0,0,0,1,1,4,4,4,2
achilles,0,0,0,0,0,0,0,0,0,4,1,1,0.009,4,3,0,0,1,1,1,1,1,1,2
achilles,0,0,0,0,0,0,0,0,0,6,1,4,0.004,5,2,0,0,0,0,0,0,1,1,3
achilles,0,0,0,0,0,0,0,0,0,7,1,5,0.421,9,4,0,0,0,0,0,0,1,1,3
achilles,0,0,0,0,0,0,0,0,0,3,1,1,0.242,3,2,0,0,0,0,0,1,1,1,2
achilles,0,1,0,0,0,0,0,0,0,24,2,11,0.344,22,3,0,0,0,0,0,1,1,1,14
achilles,0,0,0,0,0,0,0,0,0,8,0,3,0.162,7,3,0,0,0,0,0,1,1,1,2
achilles,0,1,0,0,0,1,0,0,0,16,2,10,0.134,46,19,0,0,2,2,2,3,3,3,6
achilles,0,0,0,0,0,1,0,0,0,11,1,4,0.13,32,15,0,0,2,2,2,3,3,3,5
achilles,0,0,0,0,0,1,0,0,0,13,1,10,0.014,46,16,0,1,2,2,2,3,3,3,9
achilles,0,1,0,0,0,1,0,0,0,14,2,10,0.121,44,16,0,1,2,2,2,3,3,3,12
achilles,0,0,0,0,0,1,0,0,0,16,0,8,0.006,43,14,0,0,2,2,2,3,3,3,11
achilles,0,0,0,0,0,1,0,0,0,16,0,8,0.019,42,14,0,0,2,2,2,3,3,3,11
achilles,0,0,0,0,0,1,0,0,0,17,0,9,0.024,47,14,0,0,2,2,2,4,4,4,12
achilles,0,0,0,0,0,1,0,0,0,17,0,9,0.56,51,17,0,0,2,2,2,4,4,4,12
achilles,0,0,0,0,0,0,0,0,0,10,0,4,0.003,12,5,1,1,1,1,1,1,2,2,0
achilles,0,0,0,0,0,0,0,0,0,7,0,4,0.003,7,4,1,1,1,1,1,1,1,1,0
achilles,0,0,0,0,0,0,0,0,0,8,0,3,0.004,13,4,1,1,1,1,1,2,2,2,0
achilles,0,0,0,0,0,0,0,0,0,8,0,5,0.001,10,4,1,1,1,1,1,1,1,1,0
achilles,0,0,0,0,0,0,0,0,0,9,0,4,0.187,14,5,1,1,1,1,1,1,1,1,0
achilles,0,0,0,0,0,0,0,0,0,5,0,2,0.002,10,4,1,1,1,1,1,1,2,2,0
achilles,0,0,0,0,0,0,0,0,0,5,0,2,0.008,12,4,1,1,1,1,1,1,2,2,0
achilles,0,0,0,0,0,1,0,0,0,8,1,12,3.507,47,16,0,0,2,2,2,2,2,2,3
achilles,0,1,0,1,0,0,0,0,0,17,2,0,1.243,13,7,1,1,1,1,1,1,1,1,0
achilles,0,1,0,1,0,0,0,0,0,15,2,6,0.006,16,6,1,1,1,1,1,1,1,1,4
achilles,0,1,0,1,0,0,0,0,0,16,2,7,0.01,17,6,1,1,1,1,1,1,2,2,4
achilles,0,1,0,1,0,0,0,0,0,14,3,8,0.002,12,5,1,1,1,1,1,1,1,1,12
achilles,0,0,0,0,0,0,0,0,0,12,1,5,0.005,10,5,1,1,1,1,1,1,1,1,2
achilles,0,1,0,1,0,0,0,0,0,15,3,8,0.015,13,5,1,1,1,1,1,1,1,1,13
achilles,0,0,0,0,0,0,0,0,0,15,1,6,0.038,16,8,1,1,1,1,1,2,2,2,2
achilles,0,0,0,0,0,0,0,0,0,11,1,5,0.004,9,5,1,1,1,1,1,1,1,1,2
achilles,0,0,0,0,0,0,0,0,0,18,1,8,0.232,20,8,1,1,1,1,1,1,1,1,2
achilles,0,1,0,1,0,1,0,0,0,21,2,16,0.01,28,10,0,0,0,1,2,2,2,2,12
achilles,0,1,0,1,0,1,0,0,0,38,13,27,0.06,40,10,0,0,0,1,2,2,2,2,26
achilles,0,1,0,1,0,1,0,0,0,18,2,14,0.706,39,14,0,0,0,1,1,2,2,2,6
achilles,0,0,0,1,0,1,0,0,0,15,1,10,1.838,37,16,0,0,2,2,2,3,3,3,4
achilles,0,1,0,1,0,1,0,0,0,16,2,7,0.164,32,18,0,0,2,2,2,3,3,3,0
achilles,0,1,0,0,0,0,0,0,0,11,2,9,0.01,22,6,0,0,0,1,1,3,3,3,4
achilles,0,1,0,0,0,0,0,0,0,11,2,7,0.087,40,6,0,0,0,2,2,4,4,4,4
achilles,0,1,0,1,0,1,0,0,0,18,2,12,0.015,21,7,0,0,0,2,2,2,2,2,11
achilles,0,1,0,1,0,1,0,0,0,18,2,12,0.075,25,9,0,1,1,1,1,1,2,2,11
achilles,0,0,0,0,0,0,0,0,0,8,0,6,0.009,15,7,0,0,0,1,1,3,3,3,0
achilles,0,0,0,1,0,0,0,0,0,14,1,11,0.001,19,6,0,0,0,1,1,2,2,2,2
achilles,0,1,0,0,0,0,0,0,0,11,2,7,0.004,15,5,0,0,0,2,2,2,2,2,4
achilles,0,0,0,0,0,0,0,0,0,10,1,5,0.007,13,5,0,0,0,2,2,2,2,2,2
achilles,0,0,0,1,0,0,0,0,0,13,1,8,0.007,16,6,0,0,2,2,2,2,2,2,2
achilles,0,0,0,1,0,1,0,0,0,20,1,14,1.748,28,8,0,0,2,2,2,2,2,2,8
achilles,0,0,0,1,0,1,0,0,0,16,1,10,0.071,20,6,0,0,0,1,1,2,2,2,3
achilles,0,0,0,1,0,0,0,0,0,12,1,8,1.092,14,7,0,0,0,1,1,2,2,2,2
achilles,0,0,0,1,0,0,0,0,0,12,1,7,0.001,13,5,0,0,0,2,2,3,3,3,2
achilles,0,1,0,1,0,0,0,0,0,14,2,7,0.009,13,7,0,0,0,1,1,2,2,2,0
achilles,0,0,0,1,0,1,0,0,0,16,1,8,0.003,26,12,0,0,2,2,2,3,3,3,3
achilles,0,0,0,1,0,1,0,0,0,11,1,7,0.052,20,10,0,0,0,1,1,2,2,2,3
achilles,0,0,0,1,0,1,0,0,0,13,1,8,0.035,26,12,0,0,2,2,2,3,3,3,3
achilles,0,0,0,1,0,1,0,0,0,10,1,7,0.014,24,12,0,0,2,2,2,3,3,3,3
achilles,0,0,0,1,0,1,0,0,0,8,1,7,0.001,15,7,0,0,0,2,2,3,3,3,2
achilles,0,0,0,1,0,1,0,0,0,10,1,6,0.003,23,12,0,0,2,2,2,3,3,3,3
achilles,0,0,0,0,0,0,0,0,0,12,1,3,0.017,4,1,1,1,1,1,1,1,1,1,2
achilles,0,0,0,1,0,1,0,0,0,26,1,24,2.11,66,15,0,0,2,2,2,2,2,2,2
achilles,0,0,0,0,0,0,0,0,0,10,0,5,0.012,10,4,0,0,0,0,0,1,1,1,1
achilles,0,0,0,0,0,0,0,0,0,10,0,8,0.004,24,4,0,0,0,0,0,1,2,2,1
achilles,0,0,0,0,0,0,0,0,0,10,0,4,0.001,8,4,0,0,0,0,0,1,1,1,0
achilles,0,0,0,0,0,0,0,0,0,9,0,6,0.015,18,4,0,0,0,0,0,1,1,1,1
achilles,0,0,0,0,0,0,0,0,0,10,0,3,0.969,9,5,0,0,0,0,0,1,1,1,0
achilles,0,0,0,0,0,0,0,0,0,6,0,5,0.002,19,4,0,0,0,0,0,1,1,1,1
achilles,0,1,0,1,0,1,0,0,0,18,7,12,0.008,27,12,0,0,0,1,1,2,2,2,14
achilles,0,1,0,1,0,1,0,0,0,14,6,10,0.007,31,10,0,0,2,2,2,3,3,3,13
achilles,0,1,0,1,0,1,0,0,0,15,6,8,0.001,21,9,0,0,0,1,1,2,2,2,12
achilles,0,1,0,1,0,1,0,0,0,13,5,7,0.013,19,8,0,0,0,1,1,1,2,2,10
achilles,0,1,0,1,0,1,0,0,0,13,5,8,0.003,22,10,0,0,2,2,2,3,3,3,10
achilles,0,1,0,1,0,1,0,0,0,16,8,10,0.02,25,10,0,0,2,2,2,2,2,2,16
achilles,0,1,0,1,0,1,0,0,0,12,5,12,1.105,34,12,0,0,2,2,2,2,2,2,10
achilles,0,1,0,1,0,1,0,0,0,30,12,24,0.155,34,5,0,0,0,1,1,1,2,2,36
achilles,0,1,0,1,0,1,0,0,0,32,13,26,0.011,36,5,0,0,0,1,1,1,2,2,40
achilles,0,0,0,1,0,0,0,0,0,13,0,6,0.01,15,7,0,0,0,1,1,2,2,2,0
achilles,0,0,0,1,0,0,0,0,0,13,0,7,0.033,15,7,0,0,0,1,1,2,2,2,0
achilles,0,0,0,1,0,1,0,0,0,12,1,8,0.005,15,5,0,0,0,1,1,1,2,2,4
achilles,0,0,0,1,0,1,0,0,0,8,1,5,0.002,12,5,0,0,0,1,1,1,2,2,4
achilles,0,0,0,1,0,1,0,0,0,8,0,5,0.046,12,5,0,0,0,1,1,1,2,2,1
achilles,0,0,0,0,0,1,0,0,0,6,1,3,0.002,20,13,1,1,1,1,1,2,2,2,2
achilles,0,0,0,0,0,1,0,0,0,5,1,2,0,19,13,1,1,1,1,1,2,2,2,2
achilles,0,0,0,1,0,0,0,0,0,13,1,8,0.099,23,11,1,1,1,1,1,2,2,2,2
achilles,0,0,0,0,0,1,0,0,0,7,1,2,0.005,20,13,1,1,1,1,1,2,2,2,2
achilles,0,0,0,0,0,1,0,0,0,9,1,5,0.003,22,13,1,1,1,1,1,2,2,2,3
achilles,0,0,0,0,0,1,0,0,0,5,1,2,0.006,19,13,1,1,1,1,1,2,2,2,2
achilles,0,0,0,0,0,1,0,0,0,9,1,4,0.001,23,13,1,1,1,1,1,2,2,2,2
achilles,0,0,0,0,0,1,0,0,0,8,1,9,0.446,39,14,0,0,0,1,1,2,2,2,2
achilles,0,0,0,1,0,1,0,0,0,11,1,6,0.012,25,13,0,0,2,2,2,3,3,3,3
achilles,0,0,0,1,0,1,0,0,0,11,1,5,0.008,23,11,0,0,0,1,1,2,2,2,3
achilles,0,0,0,1,0,1,0,0,0,11,1,7,0.014,26,12,0,0,2,2,2,3,3,3,3
achilles,0,0,0,0,0,1,0,0,0,5,1,4,0.004,16,9,0,0,0,1,1,2,2,2,2
achilles,0,0,0,0,0,1,0,0,0,5,1,4,0.001,16,9,0,0,0,1,1,2,2,2,2
achilles,0,0,0,0,0,1,0,0,0,5,1,4,0.002,16,9,0,0,0,1,1,2,2,2,2
achilles,0,0,0,0,0,1,0,0,0,7,1,3,0.001,18,10,0,0,0,1,1,2,2,2,2
achilles,0,0,0,1,0,1,0,0,0,13,1,6,0.001,29,13,0,0,2,2,2,3,3,3,4
achilles,0,0,0,1,0,1,0,0,0,15,1,7,0.251,28,12,0,0,2,2,2,3,3,3,8
achilles,0,0,0,1,0,0,0,0,0,12,1,6,0.001,17,8,1,1,1,1,1,1,2,2,2
achilles,0,0,0,1,0,1,0,0,0,13,1,7,0.01,19,7,0,0,0,1,1,1,2,2,5
achilles,0,0,0,0,0,1,0,0,0,9,1,4,0,22,13,1,1,1,1,1,2,2,2,2
achilles,0,0,0,1,0,1,0,0,0,13,1,8,0.007,19,7,0,0,0,1,1,1,2,2,5
achilles,0,1,0,1,0,1,0,0,0,11,4,7,0,15,6,0,0,0,1,1,1,2,2,8
achilles,0,0,0,1,0,1,0,0,0,13,1,7,0.01,29,13,0,0,2,2,2,3,3,3,5
achilles,0,0,0,1,0,1,0,0,0,12,1,5,0.033,27,12,0,0,2,2,2,3,3,3,4
achilles,0,0,0,0,0,1,0,0,0,6,1,4,0.003,16,9,0,0,0,1,1,2,2,2,2
achilles,0,0,0,0,0,1,0,0,0,6,1,4,0,16,9,0,0,0,1,1,2,2,2,2
achilles,0,0,0,0,0,1,0,0,0,6,1,4,0.001,16,9,0,0,0,1,1,2,2,2,2
achilles,0,0,0,0,0,1,0,0,0,5,1,4,0.001,16,9,1,1,1,1,1,2,2,2,2
achilles,0,0,0,0,0,1,0,0,0,5,1,2,0.003,20,12,0,0,2,2,2,3,3,3,2
achilles,0,0,0,0,0,0,0,0,0,6,1,2,0,10,5,0,0,0,1,1,1,2,2,2
achilles,0,0,0,0,0,1,0,0,0,5,1,2,0.019,15,9,0,0,0,1,1,2,2,2,2
achilles,0,0,0,0,0,1,0,0,0,6,1,2,0.03,15,9,0,0,0,1,1,2,2,2,2
achilles,0,0,0,0,0,1,0,0,0,5,1,4,0.011,16,9,0,0,0,1,1,2,2,2,2
achilles,0,1,0,0,0,1,0,0,0,7,2,3,0,21,13,1,1,1,1,1,2,2,2,4
achilles,0,0,0,0,0,1,0,0,0,5,1,3,0.012,19,12,0,0,2,2,2,2,2,2,2
achilles,0,0,0,0,0,1,0,0,0,6,1,2,0.012,17,10,0,0,0,1,1,2,2,2,2
achilles,0,0,0,1,0,0,0,0,0,8,1,7,0.277,16,7,0,0,2,2,2,1,2,2,2
achilles,0,0,0,1,0,1,0,0,0,11,0,5,0.014,26,12,0,0,2,2,2,3,3,3,1
achilles,0,1,0,1,0,0,0,0,0,40,9,30,0.038,40,5,0,0,0,1,1,1,2,2,19
achilles,0,1,0,0,0,0,0,0,0,8,6,8,0.41,22,4,0,0,0,1,1,2,2,2,14
achilles,0,1,0,0,0,0,0,0,0,9,6,6,0.006,8,2,0,0,0,1,1,1,1,1,12
achilles,0,1,0,0,0,0,0,0,0,9,6,6,0.009,8,2,0,0,0,1,1,1,1,1,12
achilles,0,1,0,0,0,0,0,0,0,9,6,6,0,8,2,0,0,0,1,1,1,1,1,12
achilles,0,0,0,0,0,1,0,0,0,11,1,4,0.001,7,2,0,1,1,1,1,1,1,1,7
achilles,0,0,0,0,0,1,0,0,0,10,1,3,0.35,7,2,0,1,1,1,1,1,1,1,5
achilles,0,1,0,1,0,0,0,0,0,11,2,4,0.153,7,2,0,0,0,1,1,2,2,2,4
achilles,0,0,0,0,0,0,0,0,0,8,0,3,0.021,14,6,0,0,0,1,2,3,3,3,1
achilles,0,0,0,0,0,0,0,0,0,6,0,3,0.032,16,6,0,0,0,1,2,3,3,3,1
achilles,0,0,0,0,0,0,0,0,0,7,0,3,0.01,11,5,0,0,0,0,2,3,3,3,1
achilles,0,0,0,0,0,0,0,0,0,6,0,7,0.463,36,8,0,0,0,2,2,4,4,4,2
achilles,0,0,0,0,0,0,0,0,0,7,0,3,0.002,15,6,0,0,0,1,2,3,3,3,1
achilles,0,0,0,0,0,0,0,0,0,7,0,3,0.008,10,5,0,0,0,0,2,3,3,3,1
achilles,0,0,0,0,0,0,0,0,0,7,0,3,0.002,14,6,0,0,0,1,2,3,3,3,1
achilles,0,1,0,0,0,1,0,0,0,19,9,19,0.015,47,15,1,1,2,2,2,3,3,3,19
achilles,0,1,0,0,0,1,0,0,0,16,9,13,0.004,35,13,1,1,2,2,2,3,3,3,18
achilles,0,1,0,0,0,1,0,0,0,15,9,13,0.526,39,16,1,1,2,2,2,3,3,3,18
achilles,0,1,0,0,0,1,0,0,0,25,11,22,0.055,48,15,1,1,2,2,2,3,3,3,22
achilles,0,1,0,0,0,1,0,0,0,6,2,7,0.012,31,15,1,1,2,2,2,3,3,3,4
achilles,0,1,0,0,0,1,0,0,0,17,9,13,0.032,38,15,1,1,2,2,2,3,3,3,18
achilles,0,1,0,0,0,1,0,0,0,17,9,13,0.033,38,15,1,1,2,2,2,3,3,3,18
achilles,0,1,0,0,0,0,0,0,0,12,2,5,0.001,11,3,0,0,2,2,2,3,3,3,4
achilles,0,1,0,0,0,0,0,0,0,13,3,7,0.004,13,3,0,0,2,2,2,3,3,3,6
achilles,0,0,0,0,0,0,0,0,0,8,1,1,0.006,8,3,0,0,2,2,2,3,3,3,2
achilles,0,0,0,0,0,0,0,0,0,17,0,5,0.002,10,3,0,0,2,2,2,3,3,3,0
achilles,0,0,0,0,0,0,0,0,0,12,0,2,0.044,10,3,0,0,2,2,2,3,3,3,0
achilles,0,0,0,0,0,0,0,0,0,16,0,2,0.002,9,3,0,0,2,2,2,3,3,3,0
achilles,0,0,0,0,0,0,0,0,0,21,0,2,0.006,11,3,0,0,2,2,2,3,3,3,0
achilles,0,0,0,0,0,0,0,0,0,20,0,2,0.007,9,3,0,0,2,2,2,3,3,3,0
achilles,0,1,0,0,0,0,0,0,0,9,3,7,0.281,19,8,0,0,2,2,2,3,3,3,8
achilles,0,1,0,0,0,0,0,0,0,9,3,4,0.008,10,3,0,0,2,2,2,3,3,3,6
achilles,0,1,0,0,0,0,0,0,0,8,3,4,0.002,10,3,0,0,2,2,2,3,3,3,6
achilles,0,1,0,0,0,1,0,0,0,14,2,10,0.021,18,4,0,1,3,3,3,3,3,3,12
achilles,0,1,0,0,0,1,0,0,0,15,2,11,0.211,20,4,0,1,3,3,3,4,4,4,12
achilles,0,1,0,0,0,1,0,0,0,17,2,10,0.001,18,4,0,1,3,3,3,2,2,2,12
achilles,0,1,0,0,0,1,0,0,0,18,2,11,0.002,20,4,0,1,3,3,3,4,4,4,12
achilles,0,0,0,0,0,0,0,0,0,18,1,4,0.003,9,3,0,0,2,2,2,3,3,3,3
achilles,0,0,0,0,0,0,0,0,0,18,1,2,0.002,7,3,0,0,2,2,2,3,3,3,2
achilles,0,0,0,0,0,1,0,0,0,10,1,4,0.001,7,3,0,0,2,2,2,2,2,2,4
achilles,0,1,0,0,0,0,0,0,0,7,2,4,0.005,16,3,0,0,2,2,2,3,3,3,5
achilles,0,1,0,0,0,0,0,0,0,7,2,6,0.002,16,3,0,0,2,2,2,3,3,3,8
achilles,0,1,0,0,0,0,0,0,0,9,5,8,0.114,19,3,0,0,2,2,2,3,3,3,12
achilles,0,0,0,0,0,1,0,0,0,10,1,4,0.006,7,3,0,0,2,2,2,2,2,2,4
achilles,0,0,0,0,0,0,0,0,0,4,1,2,0.032,13,4,0,1,2,2,2,3,3,3,2
achilles,0,0,0,0,0,0,0,0,0,4,1,2,0.002,12,4,0,1,2,2,2,3,3,3,2
achilles,0,0,0,0,0,0,0,0,0,8,1,2,0.001,12,4,0,1,2,2,2,3,3,3,2
achilles,0,0,0,0,0,0,0,0,0,3,1,4,0.004,12,3,0,0,2,2,2,3,3,3,5
achilles,0,0,0,0,0,0,0,0,0,3,1,3,0.001,12,3,0,0,2,2,2,3,3,3,3
achilles,0,0,0,0,0,0,0,0,0,8,0,8,0.021,51,22,0,1,2,2,2,3,3,3,0
achilles,0,0,0,0,0,0,0,0,0,8,0,6,0.002,36,14,0,1,2,2,2,3,3,3,0
achilles,0,1,0,0,0,0,0,0,0,11,2,11,0.685,71,30,0,1,2,2,2,4,4,4,3
achilles,0,0,0,0,0,0,0,0,0,11,1,5,0.045,50,26,0,1,2,2,2,3,3,3,0
achilles,0,1,0,0,0,0,0,0,0,17,7,7,0.016,56,27,0,1,2,2,2,3,3,3,1
achilles,0,1,0,0,0,0,0,0,0,86,57,7,0.078,60,30,0,1,2,2,2,3,3,3,1
achilles,0,1,0,0,0,0,0,0,0,14,4,6,0.301,69,37,1,1,2,2,2,3,3,3,0
achilles,0,0,0,0,0,0,0,0,0,9,1,8,0.018,63,36,1,1,2,2,2,3,3,3,1
achilles,0,1,0,0,0,0,0,0,0,9,2,5,0.008,47,26,0,1,2,2,2,3,3,3,0
achilles,0,1,0,0,0,0,0,0,0,10,5,5,0.009,47,26,0,1,2,2,2,3,3,3,0
achilles,0,1,0,0,0,0,0,0,0,13,6,8,0.007,63,36,1,1,2,2,2,3,3,3,1
achilles,0,0,0,0,0,0,0,0,0,5,1,2,0.009,6,2,0,0,0,0,0,1,1,1,2
achilles,0,0,0,0,0,0,0,0,0,5,1,2,0.009,6,2,0,0,0,0,0,1,1,1,2
achilles,0,0,0,0,0,0,0,0,0,5,1,2,0.193,8,2,0,0,0,0,0,1,1,1,2
achilles,0,0,0,0,0,0,0,0,0,5,1,2,0.003,6,2,0,0,0,0,0,1,1,1,2
achilles,0,0,0,0,0,0,0,0,0,5,1,2,0.025,6,2,0,0,0,0,0,1,1,1,2
achilles,0,0,0,0,0,0,0,0,0,5,1,2,0.003,6,2,0,0,0,0,0,1,1,1,2
achilles,0,0,0,0,0,0,0,0,0,5,1,2,0.017,6,2,0,0,0,0,0,1,1,1,2
achilles,0,0,0,0,0,0,0,0,0,10,1,3,0.006,17,8,0,0,0,1,1,3,3,3,2
achilles,0,1,0,0,0,0,0,0,0,23,21,22,0,32,8,0,0,1,2,2,3,3,3,42
achilles,0,1,0,0,0,0,0,0,0,5,3,4,0.016,14,8,0,0,0,1,1,2,2,2,6
achilles,0,1,0,0,0,0,0,0,0,23,21,25,0.001,35,8,0,0,0,2,2,3,3,3,43
achilles,0,0,0,0,0,1,0,0,0,22,0,10,0.046,41,20,0,1,2,2,2,3,3,3,5
achilles,0,0,0,0,0,1,0,0,0,23,0,9,0.008,38,20,0,1,2,2,2,3,3,3,1
achilles,0,0,0,0,0,0,0,0,0,15,0,6,0.002,16,8,0,0,0,1,1,3,3,3,0
achilles,0,0,0,0,0,0,0,0,0,10,1,5,0.002,18,8,0,0,0,1,1,3,3,3,2
achilles,0,0,0,0,0,0,0,0,0,4,1,9,0,15,8,0,0,0,1,1,2,2,2,2
achilles,0,0,0,0,0,0,0,0,0,13,1,5,0.004,15,8,0,0,0,1,1,3,3,3,2
achilles,0,0,0,0,0,0,0,0,0,12,1,4,0.003,14,8,0,0,0,1,1,2,2,2,2
achilles,0,0,0,0,0,1,0,0,0,20,1,8,0.002,36,18,0,0,2,2,2,3,3,3,2
achilles,0,1,0,0,0,1,0,0,0,24,4,8,0.013,37,19,0,0,2,2,2,3,3,3,2
achilles,0,1,0,0,0,1,0,0,0,25,3,11,0.017,45,20,0,1,2,2,2,3,3,3,7
achilles,0,1,0,0,0,1,0,0,0,42,9,10,0.49,47,28,1,1,2,2,2,3,3,3,1
achilles,0,0,0,0,0,1,0,0,0,19,1,8,0.005,36,18,0,0,2,2,2,3,3,3,2
achilles,0,0,0,0,0,1,0,0,0,20,1,9,0.014,41,19,0,0,2,2,2,3,3,3,2
achilles,0,1,0,0,0,1,0,0,0,47,10,8,0.044,38,20,0,0,2,2,2,3,3,3,1
achilles,0,1,0,0,0,1,0,0,0,29,8,7,0.015,34,19,0,0,2,2,2,3,3,3,1
achilles,0,1,0,0,0,1,0,0,0,30,8,7,0.002,34,19,0,0,2,2,2,3,3,3,1
achilles,0,1,0,0,0,1,0,0,0,25,3,9,0.372,63,22,0,0,2,2,2,4,4,4,0
achilles,0,0,0,0,0,1,0,0,0,20,1,8,0.018,36,18,0,0,2,2,2,3,3,3,2
achilles,0,1,0,0,0,1,0,0,0,28,7,7,0.015,35,19,0,0,2,2,2,3,3,3,1
achilles,0,0,0,0,0,1,0,0,0,20,1,8,0.002,36,18,0,0,2,2,2,3,3,3,2
achilles,0,0,0,0,0,1,0,0,0,23,1,8,0.02,39,18,0,0,2,2,2,3,3,3,2
achilles,0,1,0,0,0,1,0,0,0,34,8,8,0.01,36,18,0,0,2,2,2,3,3,3,2
achilles,0,0,0,0,0,0,0,0,0,3,1,2,0,12,8,0,0,1,2,2,2,2,2,2
achilles,0,0,0,0,0,0,0,0,0,6,0,2,0.11,6,4,0,0,0,0,0,1,1,1,0
achilles,0,0,0,0,0,1,0,0,0,13,0,9,0.143,16,4,0,0,0,1,1,2,2,2,6
achilles,0,0,0,0,0,1,0,0,0,24,0,12,0.042,21,4,0,0,0,1,1,2,2,2,12
achilles,0,0,0,0,0,1,0,0,0,23,0,11,0.007,22,4,0,0,0,1,1,2,2,2,10
achilles,0,0,0,0,0,1,0,0,0,21,0,10,0.04,40,4,0,0,0,1,1,4,4,4,8
achilles,0,0,0,0,0,0,0,0,0,14,0,3,0.008,9,2,0,0,0,1,1,2,2,2,0
achilles,0,0,0,0,0,0,0,0,0,14,0,5,0.002,11,2,0,0,0,1,1,2,2,2,0
achilles,0,0,0,0,0,0,0,0,0,13,0,5,0.026,6,2,0,0,0,1,1,2,2,2,0
achilles,0,0,0,0,0,1,0,0,0,25,0,6,0.03,13,3,0,0,0,1,1,2,2,2,4
achilles,0,0,0,0,0,1,0,0,0,11,0,5,0.01,16,4,0,0,0,1,1,2,2,2,4
achilles,0,0,0,0,0,1,0,0,0,11,0,5,0.008,16,4,0,0,0,1,1,2,2,2,4
achilles,0,1,0,0,0,0,0,0,0,12,2,6,0.522,11,5,0,0,0,1,1,2,2,2,5
achilles,0,0,0,0,0,0,0,0,0,5,1,3,0.001,8,4,0,0,1,1,1,2,2,2,2
achilles,0,0,0,0,0,0,0,0,0,10,1,4,0.007,7,2,0,0,0,1,1,1,1,1,3
achilles,0,0,0,0,0,0,0,0,0,10,1,4,0.003,7,2,0,0,0,1,1,1,1,1,3
achilles,0,0,0,0,0,0,0,0,0,5,1,2,0.007,6,3,0,0,1,2,2,1,1,1,2
achilles,0,0,0,0,0,0,0,0,0,7,1,6,0.013,9,4,0,0,1,1,1,1,1,1,5
achilles,0,1,0,0,0,0,0,0,0,8,2,4,0.003,8,2,0,0,0,1,1,1,1,1,4
achilles,0,0,0,0,0,0,0,0,0,5,1,2,0.013,9,3,0,0,0,1,1,3,3,3,2
achilles,0,1,0,0,0,0,0,0,0,8,2,5,0.011,8,2,0,0,0,1,1,2,2,2,4
achilles,0,1,0,0,0,0,0,0,0,8,2,5,0.011,8,2,0,0,0,1,1,2,2,2,4
achilles,0,0,0,0,0,0,0,0,0,6,1,2,0.001,8,3,0,0,0,2,2,1,1,1,2
achilles,0,0,0,0,0,0,0,0,0,7,1,6,0.128,33,4,0,0,0,1,1,4,4,4,5
achilles,0,0,0,0,0,1,0,0,0,10,0,7,0.006,21,11,0,0,2,2,2,3,3,3,0
achilles,0,0,0,0,0,1,0,0,0,8,0,6,0.002,19,11,0,0,2,2,2,3,3,3,0
achilles,0,0,0,0,0,1,0,0,0,9,0,9,0.003,21,12,0,0,2,2,2,3,3,3,0
achilles,0,0,0,0,0,1,0,0,0,9,0,9,0.007,21,12,0,0,2,2,2,3,3,3,1
achilles,0,0,0,0,0,1,0,0,0,9,0,9,0.017,21,12,0,0,2,2,2,3,3,3,0
achilles,0,0,0,0,0,1,0,0,0,9,0,9,0.002,21,12,0,0,2,2,2,3,3,3,1
achilles,0,0,0,0,0,1,0,0,0,9,0,14,1.251,41,15,0,0,2,2,2,2,2,2,0
achilles,0,0,0,0,0,1,0,0,0,9,0,9,0.009,21,12,0,0,2,2,2,3,3,3,0
achilles,0,0,0,0,0,1,0,0,0,9,0,9,0.133,21,12,0,0,2,2,2,3,3,3,1
achilles,0,0,0,0,0,1,0,0,0,9,0,10,0.006,21,12,0,0,2,2,2,3,3,3,0
achilles,0,0,0,0,0,1,0,0,0,9,0,9,0.012,21,12,0,0,2,2,2,3,3,3,1
achilles,0,0,0,0,0,1,0,0,0,10,0,8,0.006,22,12,0,0,2,2,2,3,3,3,0
achilles,0,0,0,0,0,1,0,0,0,8,0,6,0.004,18,11,0,0,2,2,2,3,3,3,0
achilles,0,0,0,0,0,0,0,0,0,8,0,3,0.006,7,2,0,0,0,1,1,1,1,1,3
achilles,0,0,0,0,0,0,0,0,0,8,0,3,0.012,6,2,0,0,0,1,1,2,2,2,3
achilles,0,0,0,0,0,0,0,0,0,9,0,5,0.004,9,4,0,0,1,1,1,2,2,2,0
achilles,0,0,0,0,0,0,0,0,0,5,1,2,0.003,5,2,0,0,0,1,1,1,1,1,5
achilles,0,0,0,0,0,0,0,0,0,4,1,2,0.001,9,2,0,0,0,1,1,1,1,1,3
achilles,0,0,0,0,0,0,0,0,0,5,1,2,0.016,5,2,0,0,0,1,1,2,2,2,5
achilles,0,0,0,0,0,0,0,0,0,4,1,2,0.018,6,2,0,0,0,1,1,2,2,2,3
achilles,0,0,0,0,0,0,0,0,0,4,1,1,0,4,2,0,0,0,1,1,1,1,1,2
achilles,0,0,0,0,0,0,0,0,0,4,1,1,0.006,4,2,0,0,0,1,1,1,1,1,2
achilles,0,1,0,0,0,1,0,0,0,20,3,17,0.087,46,17,1,1,2,2,2,3,3,3,16
achilles,0,0,0,0,0,1,0,0,0,12,1,13,0.023,45,17,1,1,2,2,2,3,3,3,4
achilles,0,0,0,0,0,1,0,0,0,8,1,7,1.605,44,19,1,1,2,2,2,2,2,2,3
achilles,0,0,0,0,0,1,0,0,0,18,1,16,0.209,67,17,1,1,2,2,2,4,4,4,15
achilles,0,0,0,0,0,1,0,0,0,11,1,10,0.001,30,15,1,1,2,2,2,3,3,3,8
achilles,0,0,0,0,0,1,0,0,0,11,1,8,0.011,30,15,1,1,2,2,2,3,3,3,2
achilles,0,0,0,0,0,1,0,0,0,7,1,5,0.016,26,13,0,0,2,2,2,3,3,3,2
achilles,0,0,0,0,0,1,0,0,0,7,1,7,1.389,67,17,0,0,2,2,2,4,4,4,2
achilles,0,1,0,0,0,1,0,0,0,8,2,7,0.007,29,13,0,0,2,2,2,3,3,3,5
achilles,0,0,0,0,0,1,0,0,0,5,1,4,0.005,19,12,0,0,1,2,2,2,2,2,2
achilles,0,0,0,0,0,1,0,0,0,5,1,5,0.009,21,13,0,0,2,2,2,3,3,3,2
achilles,0,1,0,0,0,1,0,0,0,8,2,8,0.15,31,13,0,0,2,2,2,3,3,3,5
achilles,0,0,0,0,0,1,0,0,0,5,1,4,0.003,21,12,0,0,0,2,2,3,3,3,2
achilles,0,0,0,0,0,1,0,0,0,5,1,7,1.213,62,17,0,0,2,2,2,4,4,4,3
achilles,0,0,0,0,0,1,0,0,0,7,1,5,0,26,13,0,0,2,2,2,3,3,3,3
achilles,0,0,0,0,0,1,0,0,0,7,1,8,1.471,67,17,0,0,2,2,2,4,4,4,4
achilles,0,0,0,0,0,1,0,0,0,7,1,3,0.003,20,12,0,0,2,2,2,2,2,2,2
achilles,0,0,0,0,0,1,0,0,0,7,1,8,1.482,61,16,0,0,2,2,2,4,4,4,3
achilles,0,0,0,0,0,1,0,0,0,14,1,6,3.44,46,16,0,0,2,2,2,3,3,3,5
achilles,0,1,0,0,0,1,0,0,0,15,2,10,3.503,47,17,0,0,2,2,2,3,3,3,7
achilles,0,1,0,0,0,1,0,0,0,15,2,10,3.239,47,17,0,0,2,2,2,3,3,3,7
achilles,0,0,0,0,0,1,0,0,0,12,0,6,0.018,13,5,0,0,0,1,1,2,2,2,5
achilles,0,0,0,0,0,1,0,0,0,23,1,15,0.348,33,10,0,0,0,1,1,3,3,3,18
achilles,0,0,0,0,0,1,0,0,0,13,0,5,0.002,14,5,0,0,0,1,1,2,2,2,5
achilles,0,0,0,0,0,1,0,0,0,16,1,8,0.002,15,5,0,0,0,1,1,2,2,2,9
achilles,0,0,0,0,0,1,0,0,0,7,0,1,0.143,9,7,0,0,1,1,1,2,2,2,2
achilles,0,0,0,0,0,1,0,0,0,12,0,6,0.082,11,4,0,0,1,1,1,2,2,2,4
achilles,0,0,0,0,0,1,0,0,0,7,0,4,0.007,10,2,0,0,1,1,1,3,3,3,5
achilles,0,0,0,0,0,1,0,0,0,14,0,8,0.005,13,4,0,0,1,1,1,2,2,2,7
achilles,0,0,0,0,0,1,0,0,0,13,0,6,0.013,11,4,0,0,1,1,1,2,2,2,3
achilles,0,0,0,0,0,1,0,0,0,11,0,4,0.04,11,2,0,0,1,1,1,2,2,2,4
achilles,0,0,0,0,0,1,0,0,0,9,0,3,0.187,13,8,0,0,0,1,1,2,2,2,3
achilles,0,0,0,0,0,1,0,0,0,9,1,5,0.008,24,8,0,0,1,1,1,2,4,4,5
achilles,0,0,0,0,0,1,0,0,0,13,1,8,0.01,24,8,0,0,1,1,1,3,3,3,7
achilles,0,0,0,0,0,1,0,0,0,11,0,5,0.005,19,8,0,0,1,1,1,3,3,3,5
achilles,0,0,0,0,0,1,0,0,0,13,0,11,0.271,35,10,0,0,1,1,1,3,3,3,8
achilles,0,0,0,0,0,1,0,0,0,16,1,10,0.009,31,8,0,0,1,1,1,3,4,4,11
achilles,0,0,0,0,0,1,0,0,0,13,1,5,0.277,24,14,0,0,1,1,1,3,4,4,7
achilles,0,0,0,0,0,0,0,0,0,7,0,5,0.008,9,5,0,0,0,1,1,2,2,2,3
achilles,0,0,0,0,0,1,0,0,0,27,1,23,0.237,38,6,0,0,0,1,1,2,2,2,32
achilles,0,0,0,0,0,1,0,0,0,20,1,16,0.411,28,13,0,0,0,1,1,2,2,2,18
achilles,0,0,0,0,0,0,0,0,0,5,1,4,0.007,9,5,0,0,0,1,1,2,2,2,2
achilles,0,0,0,0,0,1,0,0,0,7,1,6,0.01,11,5,0,0,0,1,1,2,2,2,7
achilles,0,0,0,0,0,1,0,0,0,11,0,20,2.075,58,23,1,1,2,2,2,2,2,2,7
achilles,0,0,0,0,0,1,0,0,0,13,0,10,0.015,17,5,0,0,0,1,1,2,2,2,14
achilles,0,0,0,0,0,1,0,0,0,12,0,9,0.015,14,5,0,0,0,1,1,2,2,2,14
achilles,0,0,0,0,0,1,0,0,0,16,1,10,0.047,19,7,0,0,0,1,1,2,2,2,14
achilles,0,0,0,0,0,1,0,0,0,13,0,8,0.01,14,3,0,0,1,1,1,2,3,3,7
achilles,0,0,0,0,0,1,0,0,0,11,0,4,0.203,14,8,0,0,1,1,1,2,3,3,5
achilles,0,0,0,0,0,1,0,0,0,12,0,6,0.012,12,3,0,0,1,1,1,2,3,3,7
achilles,0,0,0,0,0,1,0,0,0,10,0,3,0.018,10,3,0,0,1,1,1,3,3,3,3
achilles,0,0,0,0,0,0,0,0,0,3,1,1,0.013,8,5,0,0,1,1,1,3,3,3,0
achilles,0,1,0,1,0,1,0,0,0,30,4,23,0.384,38,7,0,0,2,2,2,3,4,4,35
achilles,0,0,0,0,0,1,0,0,0,11,1,8,0.697,18,7,0,0,1,1,1,3,3,3,8
achilles,0,0,0,0,0,0,0,0,0,3,1,2,0.01,8,6,0,0,1,1,1,1,3,3,2
achilles,0,0,0,0,0,0,0,0,0,3,0,2,0.011,8,6,0,0,1,1,1,2,1,1,0
achilles,0,0,0,0,0,0,0,0,0,3,0,1,0.01,7,5,0,0,1,1,1,1,3,3,0
achilles,0,0,0,0,0,0,0,0,0,7,0,5,0.001,10,6,0,0,1,1,1,2,2,2,0
achilles,0,0,0,0,0,0,0,0,0,6,0,3,0.03,8,5,0,0,1,1,1,2,1,1,1
achilles,0,0,0,0,0,0,0,0,0,11,1,8,0.002,14,6,0,0,1,1,1,3,3,3,6
achilles,0,0,0,0,0,1,0,0,0,13,1,8,0.033,15,6,0,0,1,1,1,3,4,4,7
achilles,0,0,0,0,0,1,0,0,0,4,1,2,0.005,10,7,0,0,1,1,1,3,3,3,2
achilles,0,0,0,0,0,0,0,0,0,9,1,6,0.027,12,6,0,0,1,1,1,3,3,3,5
achilles,0,0,0,0,0,0,0,0,0,3,1,1,0.003,7,5,0,0,1,1,1,1,3,3,2
achilles,0,0,0,0,0,0,0,0,0,7,1,3,0.008,10,6,0,0,1,1,1,3,3,3,2
achilles,0,0,0,0,0,0,0,0,0,7,1,4,0.002,11,6,0,0,1,1,1,3,3,3,2
achilles,0,0,0,0,0,1,0,0,0,10,1,5,0.249,19,11,0,0,1,1,1,3,3,3,4
achilles,0,0,0,0,0,1,0,0,0,7,1,4,0.009,11,5,0,0,1,1,1,2,2,2,4
achilles,0,1,0,0,0,1,0,0,0,11,2,9,0.01,17,5,0,0,1,1,1,3,4,4,6
achilles,0,0,0,0,0,1,0,0,0,10,1,5,0.002,15,5,0,0,1,1,1,3,3,3,4
achilles,0,1,0,1,0,0,0,0,0,12,2,5,0.047,10,6,0,0,1,1,1,3,2,2,0
achilles,0,0,0,0,0,1,0,0,0,10,1,5,0.006,15,5,0,0,1,1,1,3,3,3,4
achilles,0,0,0,0,0,1,0,0,0,23,0,17,0.074,44,12,0,0,1,1,1,2,3,3,24
achilles,0,0,0,0,0,1,0,0,0,16,0,9,0.16,28,16,0,0,1,1,1,2,2,2,16
achilles,0,0,0,0,0,1,0,0,0,24,1,20,2.613,73,32,0,0,2,2,2,3,3,3,21
achilles,0,0,0,0,0,1,0,0,0,25,1,24,0.032,62,24,0,0,2,2,2,3,3,3,22
achilles,0,0,0,0,0,1,0,0,0,13,0,10,0.026,23,8,0,0,1,1,1,1,2,2,9
achilles,0,0,0,0,0,1,0,0,0,13,0,9,0.042,19,7,0,0,1,1,1,1,2,2,7
achilles,0,0,0,0,0,1,0,0,0,10,0,9,0.018,19,8,0,0,1,1,1,1,2,2,9
achilles,0,0,0,0,0,1,0,0,0,11,0,11,0.07,25,9,0,0,1,1,1,1,2,2,9
achilles,0,0,0,0,0,1,0,0,0,8,0,8,0.173,21,13,0,0,1,1,1,2,2,2,7
achilles,0,0,0,0,0,1,0,0,0,9,0,8,0.002,18,8,0,0,1,1,1,1,2,2,7
achilles,0,0,0,0,0,1,0,0,0,3,1,2,0.002,5,3,0,0,0,0,0,2,2,2,2
achilles,0,0,0,0,0,1,0,0,0,3,1,1,0.006,5,3,0,0,0,0,0,2,2,2,2
achilles,0,1,0,0,0,1,0,0,0,5,2,3,0.001,6,3,0,0,0,0,0,1,1,1,4
achilles,0,1,0,0,0,1,0,0,0,5,2,3,0,6,3,0,0,0,0,0,1,1,1,4
achilles,0,1,0,0,0,1,0,0,0,6,2,4,0.008,7,3,0,0,0,0,0,1,1,1,4
achilles,0,1,0,0,0,1,0,0,0,6,2,4,0.021,7,3,0,0,0,0,0,1,1,1,4
achilles,0,1,0,0,0,1,0,0,0,5,2,3,0.015,6,3,0,0,0,0,0,1,1,1,4
achilles,0,1,0,0,0,1,0,0,0,5,2,3,0.005,6,3,0,0,0,0,0,1,1,1,4
achilles,0,1,0,0,0,1,0,0,0,6,2,4,0.189,7,3,0,0,0,0,0,1,1,1,4
achilles,0,1,0,0,0,1,0,0,0,6,2,4,0.005,7,3,0,0,0,0,0,1,1,1,4
achilles,0,0,0,1,0,0,0,0,0,6,1,3,0.001,6,2,0,0,0,0,0,1,1,1,2
achilles,0,0,0,1,0,0,0,0,0,6,1,3,0,6,2,0,0,0,0,0,1,1,1,2
achilles,0,0,0,0,0,0,0,0,0,3,1,2,0.007,4,2,0,0,0,0,0,2,2,2,2
achilles,0,0,0,0,0,0,0,0,0,3,1,2,0.002,4,2,0,0,0,0,0,2,2,2,2
achilles,0,0,0,0,0,0,0,0,0,3,1,3,0.003,6,2,0,0,0,0,0,2,2,2,2
achilles,0,0,0,0,0,0,0,0,0,3,1,3,0.22,4,2,0,0,0,0,0,2,2,2,2
achilles,0,0,0,1,0,0,0,0,0,6,1,3,0.001,7,2,0,0,0,0,0,2,2,2,2
achilles,0,0,0,1,0,0,0,0,0,6,1,4,0.003,6,2,0,0,0,0,0,1,1,1,2
achilles,0,1,0,0,0,1,0,0,0,25,4,17,0.032,25,4,0,0,0,0,0,1,2,2,24
achilles,0,1,0,0,0,0,0,0,0,16,3,14,0.084,23,4,0,0,0,0,0,1,2,2,27
achilles,0,1,0,0,0,0,0,0,0,17,3,14,0.002,24,4,0,0,0,0,0,1,2,2,28
achilles,0,1,0,0,0,0,0,0,0,16,3,14,0.009,23,4,0,0,0,0,0,1,2,2,27
achilles,0,0,0,0,0,0,0,0,0,10,1,5,0.517,9,4,0,0,0,1,1,1,2,2,8
achilles,0,0,0,0,0,0,0,0,0,6,1,5,0,9,3,0,0,0,0,0,1,2,2,3
achilles,0,0,0,0,0,0,0,0,0,10,0,6,0.001,20,11,0,0,1,1,1,2,3,3,1
achilles,0,0,0,0,0,1,0,0,0,11,0,8,0.2,20,13,0,0,1,2,2,2,2,2,10
achilles,0,0,0,0,0,1,0,0,0,10,0,7,0.159,22,11,0,0,1,1,1,2,2,2,11
achilles,0,0,0,0,0,1,0,0,0,10,0,6,0.007,20,11,0,0,1,1,1,2,2,2,11
achilles,0,1,0,0,0,0,0,0,0,14,2,5,0.742,45,31,1,1,1,2,2,2,2,2,2
achilles,0,0,0,0,0,0,0,0,0,19,1,8,0.275,45,19,1,1,1,1,1,2,2,2,3
achilles,0,0,0,0,0,0,0,0,0,12,0,9,0.041,43,18,1,1,1,1,1,2,3,3,4
achilles,0,1,0,0,0,0,0,0,0,12,2,2,0.019,6,3,0,0,0,1,2,2,2,2,0
achilles,0,1,0,0,0,0,0,0,0,11,2,3,0.004,7,3,0,0,0,1,2,2,2,2,1
achilles,0,1,0,0,0,0,0,0,0,13,2,2,0.005,6,3,0,0,0,1,2,2,2,2,0
achilles,0,1,0,0,0,0,0,0,0,13,2,1,0.004,7,3,0,0,0,1,2,2,2,2,0
achilles,0,1,0,0,0,0,0,0,0,11,2,1,0.002,6,3,0,0,0,1,2,2,2,2,0
achilles,0,1,0,0,0,0,0,0,0,12,2,4,0.002,6,3,0,0,0,1,2,2,2,2,0
achilles,0,1,0,0,0,0,0,0,0,12,2,4,0.007,6,3,0,0,0,1,2,2,2,2,2
achilles,0,1,0,0,0,0,0,0,0,11,2,3,0.009,7,3,0,0,0,1,2,2,2,2,2
achilles,0,1,0,0,0,0,0,0,0,13,2,2,0.064,6,3,0,0,0,1,2,2,2,2,5
achilles,0,1,0,0,0,0,0,0,0,11,2,4,0.001,7,3,0,0,0,1,2,2,2,2,0
achilles,0,1,0,0,0,0,0,0,0,12,2,3,0.834,40,7,0,0,0,1,2,2,2,2,2
achilles,0,1,0,0,0,0,0,0,0,11,2,3,0.014,7,3,0,0,0,1,2,2,2,2,0
achilles,0,1,0,0,0,0,0,0,0,11,2,1,0.005,6,3,0,0,0,1,2,2,2,2,0
achilles,0,1,0,0,0,0,0,0,0,12,2,2,0.009,6,3,0,0,0,1,2,2,2,2,0
achilles,0,1,0,0,0,0,0,0,0,8,2,1,0.001,4,3,0,0,0,1,2,2,2,2,0
achilles,0,1,0,0,0,0,0,0,0,8,2,2,0.001,6,3,0,0,0,1,2,2,2,2,5
achilles,0,1,0,0,0,0,0,0,0,13,3,1,0.006,6,4,0,0,0,1,2,2,2,2,0
achilles,0,1,0,0,0,0,0,0,0,12,2,2,0.01,6,3,0,0,0,1,2,2,2,2,0
achilles,0,1,0,0,0,0,0,0,0,11,2,2,0.007,6,3,0,0,0,1,2,2,2,2,0
achilles,0,1,0,0,0,0,0,0,0,11,2,2,0.001,7,3,0,0,0,1,2,2,2,2,0
achilles,0,1,0,0,0,0,0,0,0,12,2,2,0.009,6,3,0,0,0,1,2,2,2,2,0
achilles,0,1,0,0,0,0,0,0,0,13,3,2,0.004,5,3,0,0,0,1,2,2,2,2,0
achilles,0,1,0,0,0,0,0,0,0,13,3,3,0.009,8,3,0,0,0,1,2,2,2,2,2
achilles,0,1,0,0,0,0,0,0,0,13,3,4,0.004,9,4,0,0,0,1,2,2,2,2,0
achilles,0,0,0,0,0,1,0,0,0,11,1,4,0.01,11,3,0,0,0,1,2,2,2,2,4
achilles,0,0,0,0,0,1,0,0,0,11,1,4,0.016,7,2,0,0,0,1,1,1,1,1,4
achilles,0,0,0,0,0,1,0,0,0,12,1,6,0,13,2,0,0,0,1,2,2,2,2,7
achilles,0,0,0,0,0,1,0,0,0,11,1,4,0.003,7,2,0,0,0,1,1,1,1,1,4
achilles,0,0,0,0,0,0,0,0,0,8,1,3,0.031,6,2,0,0,0,1,1,1,1,1,3
achilles,0,0,0,0,0,0,0,0,0,8,1,3,0.005,5,2,0,0,0,0,1,1,1,1,3
achilles,0,1,0,1,0,1,0,0,0,22,4,16,3.351,49,22,0,0,1,1,1,3,4,4,17
achilles,0,1,0,1,0,1,0,0,0,22,4,26,0.024,63,19,0,0,1,1,1,3,4,4,15
achilles,0,0,0,0,0,1,0,0,0,14,1,16,0.083,40,19,0,0,2,2,2,3,3,3,10
achilles,0,0,0,0,0,1,0,0,0,13,0,15,0.001,35,17,0,0,2,2,2,3,3,3,2
achilles,0,0,0,0,0,0,0,0,0,6,0,12,0.048,30,17,0,0,2,2,2,3,3,3,2
achilles,0,0,0,0,0,1,0,0,0,12,1,16,0.004,42,19,0,0,2,2,2,3,4,4,7
achilles,0,1,0,0,0,1,0,0,0,17,3,18,0.033,49,19,0,0,2,2,2,3,3,3,11
achilles,0,0,0,1,0,1,0,0,0,9,1,14,0.006,33,17,0,0,2,2,2,3,3,3,4
achilles,0,0,0,0,0,1,0,0,0,12,1,17,0.022,51,26,0,0,2,2,2,3,3,3,6
achilles,0,0,0,0,0,1,0,0,0,12,1,17,0.01,52,25,0,0,2,2,2,3,3,3,6
achilles,0,0,0,0,0,1,0,0,0,13,1,20,2.493,52,21,0,0,1,1,1,3,4,4,7
achilles,0,0,0,0,0,1,0,0,0,11,1,17,0.025,38,20,0,0,2,2,2,3,3,3,6
achilles,0,0,0,0,0,1,0,0,0,11,1,16,0.005,40,20,0,0,2,2,2,3,3,3,7
achilles,0,0,0,0,0,1,0,0,0,12,1,18,0.028,52,26,0,0,2,2,2,3,3,3,7
achilles,0,0,0,0,0,1,0,0,0,13,1,17,0.006,41,19,0,0,2,2,2,3,3,3,7
achilles,0,1,0,0,0,1,0,0,0,26,7,29,0.124,81,24,0,0,2,2,2,3,3,3,20
achilles,0,1,0,0,0,1,0,0,0,26,7,27,0.01,48,19,0,0,2,2,2,3,3,3,20
achilles,0,1,0,0,0,1,0,0,0,26,7,28,0.005,50,19,0,0,2,2,2,3,3,3,20
achilles,0,1,0,0,0,1,0,0,0,26,7,26,0.011,48,19,0,0,2,2,2,3,3,3,20
achilles,0,1,0,0,0,1,0,0,0,26,7,27,0.022,50,19,0,0,2,2,2,3,3,3,21
achilles,0,1,0,0,0,1,0,0,0,26,7,26,0.003,49,19,0,0,2,2,2,3,3,3,20
achilles,0,1,0,0,0,1,0,0,0,21,5,21,0.016,42,19,0,0,2,2,2,3,3,3,16
achilles,0,1,0,0,0,1,0,0,0,9,2,7,0.971,13,2,0,0,1,1,2,2,2,2,9
achilles,0,0,0,0,0,1,0,0,0,9,1,7,0.006,13,2,0,0,1,1,2,2,2,2,7
achilles,0,1,0,1,0,1,0,0,0,13,4,7,0.252,23,10,0,0,1,1,1,2,2,2,10
achilles,0,1,0,1,0,1,0,0,0,17,4,12,0.14,26,10,0,0,1,1,1,2,2,2,10
achilles,0,1,0,1,0,1,0,0,0,13,4,8,0.173,25,10,0,0,1,1,1,2,2,2,10
achilles,0,0,0,0,0,1,0,0,0,9,0,9,0.005,14,6,0,0,1,1,1,1,2,2,2
achilles,0,0,0,0,0,1,0,0,0,9,0,8,0.007,16,6,0,0,1,1,1,1,2,2,2
achilles,0,0,0,0,0,1,0,0,0,8,1,10,0.001,15,6,0,0,1,1,1,1,2,2,3
achilles,0,0,0,0,0,1,0,0,0,6,1,8,0,13,6,0,0,1,1,1,1,2,2,2
achilles,0,1,0,0,0,1,0,0,0,19,4,10,0.001,20,8,0,0,1,1,1,1,2,2,2
achilles,0,1,0,0,0,1,0,0,0,14,5,10,0.001,18,8,0,0,1,1,1,1,2,2,2
achilles,0,1,0,0,0,1,0,0,0,15,5,9,0,19,8,0,0,1,1,1,1,2,2,2
achilles,0,1,0,0,0,1,0,0,0,17,6,11,0.001,20,8,0,0,1,1,1,1,2,2,2
achilles,0,1,0,0,0,1,0,0,0,20,5,10,0.002,19,8,0,0,1,1,1,1,2,2,2
achilles,0,1,0,0,0,1,0,0,0,15,5,11,0.005,19,8,0,0,1,1,1,1,2,2,2
achilles,0,1,0,0,0,1,0,0,0,20,5,11,0.009,19,8,0,0,1,1,1,1,2,2,2
achilles,0,1,0,0,0,1,0,0,0,12,2,10,0.001,26,9,0,0,1,1,1,1,2,2,2
achilles,0,1,0,0,0,1,0,0,0,19,5,11,0.024,20,8,0,0,1,1,1,1,2,2,2
achilles,0,1,0,0,0,1,0,0,0,12,2,11,0.377,52,14,0,0,1,1,2,2,2,2,2
achilles,0,0,0,0,0,1,0,0,0,7,1,8,0.014,14,6,0,0,1,1,1,1,2,2,2
achilles,0,1,0,0,0,1,0,0,0,10,2,8,0.001,15,6,0,0,1,1,1,1,2,2,2
achilles,0,0,0,0,0,1,0,0,0,9,1,8,0,13,6,0,0,1,1,1,1,2,2,2
achilles,0,0,0,0,0,1,0,0,0,8,1,10,0.001,16,6,0,0,1,1,1,1,2,2,2
achilles,0,0,0,0,0,1,0,0,0,8,1,11,0,16,6,0,0,1,1,1,1,2,2,3
achilles,0,1,0,0,0,1,0,0,0,14,2,8,0,16,6,0,0,1,1,1,1,2,2,2
achilles,0,0,0,0,0,1,0,0,0,9,1,8,0.001,13,6,0,0,1,1,1,1,2,2,2
achilles,0,0,0,0,0,1,0,0,0,16,1,8,0.005,15,6,0,0,1,1,1,1,2,2,2
achilles,0,0,0,0,0,1,0,0,0,13,1,8,0.005,13,6,0,0,1,1,1,1,2,2,2
achilles,0,0,0,0,0,1,0,0,0,9,1,8,0.003,13,6,0,0,1,1,1,1,2,2,2
achilles,0,0,0,0,0,1,0,0,0,9,1,8,0.022,13,6,0,0,1,1,1,1,2,2,2
achilles,0,0,0,0,0,1,0,0,0,13,1,8,0.002,13,6,0,0,1,1,1,1,2,2,2
achilles,0,0,0,0,0,1,0,0,0,9,1,9,0.002,13,6,0,0,1,1,1,1,2,2,2
achilles,0,0,0,0,0,1,0,0,0,8,1,9,0,13,6,0,0,1,1,1,1,2,2,2
achilles,0,0,0,0,0,1,0,0,0,8,1,8,0.096,14,8,0,0,1,1,1,2,2,2,3
achilles,0,0,0,0,0,1,0,0,0,6,1,8,0.015,13,6,0,0,1,1,1,1,2,2,1
achilles,0,0,0,0,0,1,0,0,0,7,1,8,0.007,13,6,0,0,1,1,1,1,2,2,1
achilles,0,0,0,0,0,1,0,0,0,6,1,8,0.003,15,6,0,0,1,1,1,1,2,2,1
achilles,0,1,0,0,0,1,0,0,0,15,4,9,0.001,22,8,0,0,1,1,1,1,2,2,1
achilles,0,1,0,0,0,1,0,0,0,25,4,14,0.528,66,19,0,0,1,1,2,2,2,2,2
achilles,0,1,0,0,0,1,0,0,0,15,4,9,0.027,22,8,0,0,1,1,1,1,2,2,1
achilles,0,1,0,0,0,1,0,0,0,15,5,8,0.003,18,8,0,0,1,1,1,1,2,2,1
achilles,0,1,0,1,0,1,0,0,0,7,2,7,0.04,13,6,0,0,1,1,1,1,2,2,1
achilles,0,0,0,0,0,1,0,0,0,10,1,7,0,13,6,0,0,1,1,1,1,2,2,1
achilles,0,0,0,0,0,1,0,0,0,12,1,7,0,13,6,0,0,1,1,1,1,2,2,1
achilles,0,0,0,0,0,1,0,0,0,10,1,7,0.025,13,6,0,0,1,1,1,1,2,2,1
achilles,0,0,0,0,0,1,0,0,0,10,1,7,0,13,6,0,0,1,1,1,1,2,2,1
achilles,0,0,0,0,0,1,0,0,0,8,1,8,0.002,15,6,0,0,1,1,1,1,2,2,1
achilles,0,0,0,0,0,1,0,0,0,11,1,7,0,13,6,0,0,1,1,1,1,2,2,1
achilles,0,0,0,0,0,1,0,0,0,10,1,7,0.001,13,6,0,0,1,1,1,1,2,2,1
achilles,0,0,0,0,0,1,0,0,0,9,1,7,0.001,14,6,0,0,1,1,1,1,2,2,1
achilles,0,1,0,0,0,1,0,0,0,19,4,12,0.014,37,18,0,0,2,2,2,3,3,3,2
achilles,0,1,0,0,0,1,0,0,0,15,5,11,0.017,36,18,0,0,2,2,2,3,3,3,2
achilles,0,1,0,0,0,1,0,0,0,15,5,12,0.012,38,18,0,0,2,2,2,3,3,3,2
achilles,0,1,0,0,0,1,0,0,0,15,5,11,0.119,69,23,0,0,2,2,2,3,3,3,2
achilles,0,1,0,0,0,1,0,0,0,20,5,12,0.023,37,18,0,0,2,2,2,3,3,3,2
achilles,0,1,0,0,0,1,0,0,0,19,5,13,0.1,38,18,0,0,2,2,2,3,3,3,2
achilles,0,0,0,0,0,1,0,0,0,8,1,12,0.004,33,16,0,0,2,2,2,3,3,3,2
achilles,0,0,0,0,0,1,0,0,0,8,1,16,0.01,35,16,0,0,2,2,2,3,3,3,5
achilles,0,1,0,0,0,1,0,0,0,10,2,12,0.014,33,16,0,0,2,2,2,3,3,3,3
achilles,0,0,0,0,0,1,0,0,0,11,1,11,0.012,33,16,0,0,2,2,2,3,3,3,2
achilles,0,0,0,0,0,1,0,0,0,8,1,11,0.049,33,16,0,0,2,2,2,3,3,3,2
achilles,0,0,0,0,0,1,0,0,0,8,1,12,0.002,35,16,0,0,2,2,2,3,3,3,2
achilles,0,1,0,0,0,1,0,0,0,14,2,13,0.001,35,16,0,0,2,2,2,3,3,3,2
achilles,0,0,0,0,0,1,0,0,0,7,1,11,0.075,31,16,0,0,2,2,2,3,3,3,2
achilles,0,0,0,0,0,1,0,0,0,7,1,11,0.012,31,16,0,0,2,2,2,3,3,3,2
achilles,0,0,0,0,0,1,0,0,0,5,1,14,2.172,49,22,0,0,2,2,2,2,2,2,3
achilles,0,0,0,0,0,0,0,0,0,5,1,9,0.001,31,16,0,0,2,2,2,3,3,3,5
achilles,0,0,0,0,0,1,0,0,0,5,1,11,0.018,31,16,0,0,2,2,2,3,3,3,2
achilles,0,0,0,0,0,1,0,0,0,7,1,11,0.014,31,16,0,0,2,2,2,3,3,3,2
achilles,0,0,0,0,0,1,0,0,0,4,1,12,0.004,31,16,0,0,2,2,2,3,3,3,4
achilles,0,0,0,0,0,0,0,0,0,8,1,4,0.182,10,3,0,0,0,0,1,1,2,2,0
achilles,0,0,0,0,0,1,0,0,0,11,1,5,0.032,9,3,0,0,0,0,1,1,2,2,2
achilles,0,0,0,0,0,0,0,0,0,7,1,2,0.228,4,2,0,0,0,0,0,0,1,1,2
achilles,0,0,0,0,0,1,0,0,0,12,0,5,0.011,30,16,1,1,2,2,2,2,2,2,0
achilles,0,0,0,0,0,1,0,0,0,11,0,3,0.007,30,11,0,0,2,2,2,3,3,3,0
achilles,0,0,0,0,0,1,0,0,0,11,0,6,0.056,18,5,0,0,0,0,1,1,2,2,1
achilles,0,0,0,0,0,1,0,0,0,11,0,9,0.017,17,5,0,0,0,0,0,1,2,2,0
achilles,0,0,0,0,0,0,0,0,0,9,0,7,0.006,15,6,0,0,0,0,0,1,2,2,0
achilles,0,0,0,0,0,1,0,0,0,11,0,6,0.005,20,5,0,0,0,0,1,1,2,2,0
achilles,0,0,0,0,0,1,0,0,0,10,1,6,0.005,30,17,1,1,2,2,2,2,2,2,3
achilles,0,0,0,0,0,1,0,0,0,10,1,9,2.16,50,16,0,0,2,2,2,2,2,2,4
achilles,0,0,0,0,0,1,0,0,0,8,1,6,0.03,17,5,0,0,0,0,1,1,2,2,3
achilles,0,0,0,0,0,1,0,0,0,8,1,11,0.002,17,5,0,0,0,0,0,1,2,2,2
achilles,0,0,0,0,0,1,0,0,0,8,1,5,0.082,13,5,0,0,0,0,1,1,2,2,2
achilles,0,0,0,0,0,1,0,0,0,8,1,5,0.205,13,5,0,0,0,0,1,1,2,2,4
achilles,0,0,0,0,0,0,0,0,0,4,1,5,0.005,10,4,0,0,0,0,0,1,2,2,1
achilles,0,0,0,0,0,0,0,0,0,4,1,5,0.008,10,4,0,0,0,0,0,1,2,2,2
achilles,0,0,0,0,0,1,0,0,0,8,1,5,0.009,13,5,0,0,0,0,1,1,2,2,3
achilles,0,1,0,0,0,1,0,0,0,14,3,12,0.006,34,14,1,1,1,1,1,2,2,2,8
achilles,0,1,0,0,0,1,0,0,0,6,3,7,0.046,10,5,0,0,0,0,0,1,2,2,7
achilles,0,0,0,0,0,0,0,0,0,7,1,5,0.014,7,4,0,0,0,0,0,1,2,2,3
achilles,0,0,0,0,0,0,0,0,0,4,0,5,0.004,12,4,0,0,0,0,0,1,2,2,0
achilles,0,0,0,0,0,1,0,0,0,9,1,8,0.027,30,17,1,1,2,2,2,3,3,3,3
achilles,0,0,0,0,0,1,0,0,0,5,1,4,0.006,20,9,0,0,2,2,2,3,3,3,2
achilles,0,0,0,0,0,1,0,0,0,8,1,7,0.008,21,5,0,0,0,0,1,1,2,2,2
achilles,0,0,0,0,0,1,0,0,0,10,0,4,0.026,10,3,0,0,0,1,1,1,2,2,5
achilles,0,0,0,0,0,1,0,0,0,10,0,4,0.182,121,4,1,1,1,2,2,4,4,4,5
achilles,0,0,0,0,0,1,0,0,0,9,0,5,0.011,11,4,0,0,1,1,1,2,2,2,6
achilles,0,0,0,0,0,1,0,0,0,10,0,6,0.01,10,4,0,0,1,1,1,1,2,2,7
achilles,0,0,0,0,0,1,0,0,0,10,1,6,0.028,11,2,0,0,0,1,1,1,2,2,9
achilles,0,0,0,0,0,1,0,0,0,10,1,6,0.016,10,2,0,0,0,1,1,1,2,2,9
achilles,0,0,0,0,0,1,0,0,0,10,1,6,0.006,10,2,0,0,0,1,1,1,2,2,9
achilles,0,0,0,0,0,1,0,0,0,9,1,5,0.015,12,3,0,0,0,1,1,1,2,2,9
achilles,0,0,0,0,0,1,0,0,0,11,1,7,0.082,12,4,0,0,1,1,1,1,2,2,10
achilles,0,1,0,0,0,1,0,0,0,12,2,8,0.118,14,4,0,0,1,1,1,2,2,2,13
achilles,0,0,0,0,0,1,0,0,0,12,1,7,0.046,12,4,0,0,1,1,1,1,2,2,11
achilles,0,0,0,0,0,1,0,0,0,10,1,5,0.018,11,3,0,0,0,1,1,1,2,2,9
achilles,0,0,0,0,0,0,0,0,0,7,1,3,0.016,8,3,0,0,0,1,1,1,1,1,5
achilles,0,0,0,0,0,1,0,0,0,6,1,4,0.621,23,7,0,0,0,1,1,2,2,2,7
achilles,0,1,0,0,0,0,0,0,0,6,2,3,0.012,5,2,0,0,0,1,1,1,1,1,4
achilles,0,1,0,0,0,1,0,0,0,23,4,25,0.013,48,19,0,0,2,2,2,3,3,3,20
achilles,0,0,0,0,0,1,0,0,0,18,1,22,0.012,52,20,0,0,2,2,2,3,3,3,16
achilles,0,1,0,0,0,1,0,0,0,22,4,25,0.013,49,19,0,0,2,2,2,3,3,3,20
achilles,0,1,0,0,0,1,0,0,0,17,2,19,0.051,45,24,1,1,2,2,2,2,3,3,14
achilles,0,1,0,0,0,1,0,0,0,19,4,26,0.068,51,19,0,0,2,2,2,3,3,3,17
achilles,0,1,0,0,0,1,0,0,0,19,4,22,0.008,48,19,0,0,2,2,3,3,3,3,18
achilles,0,1,0,0,0,1,0,0,0,19,4,22,2.208,82,27,0,0,2,2,2,2,3,3,19
achilles,0,0,0,0,0,1,0,0,0,21,1,15,0.341,49,10,0,0,0,2,2,2,2,2,18
achilles,0,0,0,0,0,1,0,0,0,21,1,16,0.02,34,10,0,0,0,2,2,2,2,2,19
achilles,0,0,0,0,0,1,0,0,0,8,1,3,0.437,36,8,0,0,0,2,2,2,3,3,4
achilles,0,0,0,0,0,1,0,0,0,30,1,28,0.024,52,19,1,1,2,2,2,2,2,2,30
achilles,0,0,0,0,0,1,0,0,0,29,1,29,0.025,52,19,1,1,2,2,2,2,2,2,33
achilles,0,0,0,0,0,1,0,0,0,28,1,26,0.027,49,19,1,1,2,2,2,2,2,2,24
achilles,0,0,0,0,0,1,0,0,0,28,1,26,0.024,49,19,1,1,2,2,2,2,2,2,24
achilles,0,0,0,0,0,1,0,0,0,28,1,26,0.101,51,19,1,1,2,2,2,2,2,2,25
achilles,0,0,0,0,0,1,0,0,0,28,1,26,0.021,49,19,1,1,2,2,2,2,2,2,25
achilles,0,0,0,0,0,1,0,0,0,23,1,22,0.014,45,19,1,1,2,2,2,2,2,2,18
achilles,0,0,0,0,0,1,0,0,0,24,1,23,0.015,46,19,1,1,2,2,2,2,2,2,19
achilles,0,0,0,0,0,1,0,0,0,23,1,22,0.015,45,19,1,1,2,2,2,2,2,2,18
achilles,0,0,0,0,0,1,0,0,0,44,1,35,0.02,66,20,1,1,2,2,2,3,3,3,29
achilles,0,0,0,0,0,1,0,0,0,31,1,28,0.025,56,19,1,1,2,2,2,3,3,3,21
achilles,0,0,0,0,0,1,0,0,0,37,1,31,0.021,60,19,1,1,2,2,2,3,3,3,29
achilles,0,0,0,0,0,1,0,0,0,28,1,26,0.016,49,19,1,1,2,2,2,2,2,2,24
achilles,0,0,0,0,0,1,0,0,0,26,1,26,0.024,76,21,1,1,2,2,2,2,2,2,22
achilles,0,0,0,0,0,1,0,0,0,4,0,8,0.01,17,9,0,0,0,1,1,2,2,2,2
achilles,0,0,0,0,0,1,0,0,0,28,1,26,0.03,49,19,1,1,2,2,2,2,2,2,24
achilles,0,0,0,0,0,1,0,0,0,28,1,26,0.008,49,19,1,1,2,2,2,2,2,2,25
achilles,0,0,0,0,0,1,0,0,0,33,1,33,0.266,57,21,1,1,2,2,2,2,2,2,38
achilles,0,0,0,0,0,1,0,0,0,4,0,8,0.008,17,9,0,0,0,1,1,2,2,2,2
achilles,0,0,0,0,0,1,0,0,0,24,1,21,0.008,44,18,1,1,2,2,2,2,2,2,18
achilles,0,0,0,0,0,1,0,0,0,26,1,23,0.019,47,18,1,1,2,2,2,2,3,3,21
achilles,0,0,0,0,0,1,0,0,0,24,1,21,0.022,44,18,1,1,2,2,2,2,3,3,18
achilles,0,0,0,0,0,0,0,0,0,33,1,15,1.686,69,25,1,1,2,2,2,2,3,3,6
achilles,0,0,0,0,0,1,0,0,0,17,1,20,0.018,46,19,1,1,2,2,2,3,3,3,17
achilles,0,0,0,0,0,1,0,0,0,14,0,11,0.032,25,12,0,0,0,1,1,2,3,3,5
achilles,0,0,0,0,0,1,0,0,0,14,0,15,0.004,33,17,0,0,2,2,2,3,3,3,6
achilles,0,0,0,0,0,1,0,0,0,14,0,15,0.002,33,17,0,0,2,2,2,3,3,3,6
achilles,0,1,0,0,0,1,0,0,0,36,10,39,2.869,72,24,0,0,2,2,2,3,3,3,38
achilles,0,1,0,0,0,1,0,0,0,16,2,15,0.021,33,16,0,0,2,2,2,3,3,3,10
achilles,0,1,0,0,0,1,0,0,0,17,2,19,0.03,42,22,1,1,2,2,2,3,3,3,13
achilles,0,1,0,0,0,1,0,0,0,20,2,22,0.012,49,19,1,1,2,2,2,3,3,3,16
achilles,0,1,0,0,0,1,0,0,0,19,2,15,0.012,33,14,0,0,2,2,2,3,3,3,10
achilles,0,1,0,0,0,1,0,0,0,18,2,13,0.004,31,14,0,0,2,2,2,3,3,3,10
achilles,0,1,0,0,0,1,0,0,0,17,2,18,0.015,39,18,1,1,2,2,2,2,3,3,16
achilles,0,1,0,0,0,0,0,0,0,34,9,19,0.006,41,2,0,0,0,2,2,4,4,4,67
achilles,0,1,0,0,0,1,0,0,0,20,2,19,0.002,45,18,0,0,2,2,2,3,3,3,12
achilles,0,1,0,0,0,1,0,0,0,19,2,19,0.013,45,18,0,0,2,2,2,3,3,3,12
achilles,0,1,0,0,0,1,0,0,0,19,2,21,0.015,46,18,0,0,2,2,2,3,3,3,12
achilles,0,1,0,0,0,1,0,0,0,19,2,21,0,46,18,0,0,2,2,2,3,3,3,12
achilles,0,1,0,0,0,1,0,0,0,21,2,23,0.072,80,23,0,0,2,2,2,3,3,3,12
achilles,0,1,0,0,0,1,0,0,0,18,2,18,0.002,45,18,0,0,2,2,2,3,3,3,12
achilles,0,1,0,0,0,1,0,0,0,20,2,21,0.008,45,18,0,0,2,2,2,3,3,3,12
achilles,0,1,0,0,0,1,0,0,0,20,2,22,0.093,69,19,0,0,2,2,2,4,4,4,15
achilles,0,1,0,0,0,1,0,0,0,22,2,18,0.002,42,19,0,0,2,2,2,3,3,3,10
achilles,0,1,0,0,0,1,0,0,0,22,2,22,0,50,21,1,1,2,2,2,3,3,3,19
achilles,0,1,0,0,0,1,0,0,0,19,3,27,0.017,48,19,1,1,2,2,2,3,3,3,18
achilles,0,1,0,0,0,1,0,0,0,20,4,17,0.016,35,14,0,0,2,2,2,3,3,3,15
achilles,0,1,0,0,0,1,0,0,0,19,3,16,0.011,33,14,0,0,2,2,2,3,3,3,13
achilles,0,0,0,0,0,0,0,0,0,9,1,4,0.024,18,5,1,1,1,1,2,2,2,2,4
achilles,0,1,0,0,0,0,0,0,0,39,14,9,0.04,34,5,1,1,1,1,2,2,2,2,34
achilles,0,1,0,0,0,0,0,0,0,39,14,6,0.019,32,5,1,1,1,1,2,2,2,2,1
achilles,0,1,0,0,0,0,0,0,0,39,14,8,0.019,36,5,1,1,1,1,2,2,2,2,35
achilles,0,1,0,0,0,0,0,0,0,39,14,5,0.027,32,5,1,1,1,1,2,2,2,2,1
achilles,0,1,0,0,0,0,0,0,0,39,14,1,0.696,11,8,1,1,1,2,2,2,2,2,0
achilles,0,1,0,0,0,0,0,0,0,39,14,6,0.033,37,5,1,1,1,1,2,2,2,2,1
achilles,0,1,0,0,0,0,0,0,0,27,2,6,0.155,37,19,0,0,2,2,2,3,3,3,2
achilles,0,1,0,0,0,0,0,0,0,28,2,6,0.188,85,20,0,0,2,2,2,4,4,4,2
achilles,0,1,0,0,0,1,0,0,0,12,2,7,0.006,20,7,0,0,0,2,2,2,2,2,12
achilles,0,1,0,0,0,1,0,0,0,15,3,14,0.017,45,20,1,1,2,2,3,3,3,3,0
achilles,0,1,0,0,0,1,0,0,0,15,3,17,2.522,67,28,1,1,2,2,2,3,3,3,2
achilles,0,0,0,0,0,0,0,0,0,14,0,8,0.142,19,4,1,1,1,1,1,1,2,2,18
achilles,0,0,0,0,0,0,0,0,0,10,1,0,0.958,7,5,1,1,1,2,2,2,1,1,0
achilles,0,0,0,0,0,1,0,0,0,10,0,7,0.002,12,4,1,1,1,1,1,1,2,2,7
achilles,0,0,0,0,0,0,0,0,0,12,0,6,0.015,12,4,1,1,1,1,1,1,1,1,8
achilles,0,0,0,0,1,0,0,0,0,27,1,10,0.189,22,5,1,1,1,1,1,1,2,2,16
achilles,0,0,0,0,0,0,0,0,0,10,1,5,0.004,14,4,1,1,1,1,2,2,2,2,4
achilles,0,1,0,0,0,1,0,0,0,33,3,19,0.233,31,5,1,1,1,1,1,1,1,1,44
achilles,0,1,0,0,1,1,0,0,0,39,3,23,0.031,34,6,1,1,1,1,1,1,1,1,45
achilles,1,0,0,0,0,0,0,0,0,21,0,1,0.629,10,5,1,1,1,2,2,2,3,3,0
achilles,0,0,0,0,0,0,0,0,0,13,1,7,1.602,17,5,0,0,1,2,2,2,1,1,11
achilles,0,0,0,0,0,0,0,0,0,10,1,5,0.008,12,4,0,0,1,1,2,2,2,2,3
achilles,0,0,0,0,0,0,0,0,0,8,1,12,0.002,34,3,0,0,0,0,0,0,1,1,28
achilles,0,0,0,0,0,0,0,0,0,10,1,12,0.011,36,3,0,0,0,0,0,0,1,1,30
achilles,0,0,0,0,0,0,0,0,0,8,1,12,0.001,34,3,0,0,0,0,0,0,1,1,28
achilles,0,0,0,0,0,0,0,0,0,8,1,12,0.001,30,3,0,0,0,0,0,0,1,1,26
achilles,0,0,0,0,0,0,0,0,0,8,1,11,0.008,26,3,0,0,0,0,0,0,1,1,16
achilles,0,0,0,0,0,0,0,0,0,8,1,11,0.001,26,3,0,0,0,0,0,0,1,1,14
achilles,0,0,0,0,0,0,0,0,0,8,1,12,0.554,35,3,0,0,0,0,0,0,1,1,28
achilles,0,0,0,0,0,0,0,0,0,11,1,13,0.008,28,3,0,0,0,0,0,0,1,1,20
achilles,0,0,0,0,0,0,0,0,0,13,1,5,0.004,28,7,1,2,2,2,2,2,3,3,12
achilles,0,0,0,0,0,1,0,0,0,31,1,22,0.155,66,27,1,1,2,2,2,2,3,3,8
achilles,0,0,0,0,0,1,0,0,0,27,1,16,0.011,62,27,1,1,2,2,2,3,3,3,7
achilles,0,0,0,0,0,1,0,0,0,32,1,18,0.026,61,24,1,2,2,2,2,3,3,3,7
achilles,0,0,0,0,0,1,0,0,0,41,1,36,2.873,181,32,1,1,2,2,2,3,4,4,7
achilles,0,0,0,0,0,1,0,0,0,19,1,14,0.011,64,24,1,2,2,2,2,3,3,3,7
achilles,0,0,0,0,0,1,0,0,0,18,1,14,0.017,63,24,1,2,2,2,2,3,3,3,7
achilles,0,0,0,0,0,0,0,0,0,7,0,2,0.054,3,2,1,0,0,1,1,1,1,1,0
achilles,0,0,0,0,0,1,0,0,0,10,0,7,0.012,14,6,0,1,1,1,1,2,2,2,0
achilles,0,0,0,0,0,0,0,0,0,13,1,11,0.011,16,4,0,1,1,1,1,1,2,2,10
achilles,0,0,0,0,0,0,0,0,0,8,0,3,0.917,6,2,0,0,0,0,0,0,1,1,0
achilles,0,0,0,0,0,0,0,0,0,7,1,4,0.166,10,2,0,0,0,0,0,0,1,1,3
achilles,0,0,0,0,0,1,0,0,0,11,0,8,0.009,15,6,0,1,1,1,1,4,4,4,3
achilles,0,0,0,0,0,1,0,0,0,19,1,15,0.011,54,18,1,1,3,3,3,3,3,3,7
achilles,0,1,0,0,0,1,0,0,0,22,2,24,0.014,72,22,1,1,3,3,3,3,3,3,10
achilles,0,0,0,0,0,1,0,0,0,19,1,15,0.018,57,20,1,1,3,3,3,3,3,3,7
achilles,0,0,0,0,0,1,0,0,0,19,1,20,2.637,164,28,1,1,3,3,3,3,4,4,8
achilles,0,0,0,0,0,1,0,0,0,19,1,15,0.004,57,20,1,1,3,3,3,3,3,3,7
achilles,0,0,0,0,0,1,0,0,0,19,1,15,0.009,54,19,1,1,3,3,3,3,3,3,7
achilles,0,0,0,0,0,0,0,0,0,24,0,19,0.002,35,8,0,0,1,1,1,2,2,2,27
achilles,0,0,0,0,0,1,0,0,0,29,0,20,0.005,35,8,0,0,1,1,1,2,2,2,35
achilles,0,0,0,0,0,1,0,0,0,29,0,20,0.012,32,8,0,0,1,1,1,2,2,2,33
achilles,0,0,0,0,0,1,0,0,0,34,0,24,0.03,39,8,0,0,1,1,1,2,2,2,45
achilles,0,0,0,0,0,1,0,0,0,36,0,26,0.024,38,8,0,0,1,1,1,2,2,2,47
achilles,0,0,0,0,0,0,0,0,0,13,0,9,0.004,21,8,0,0,1,1,1,2,2,2,7
achilles,0,0,0,0,0,1,0,0,0,41,0,30,0.023,45,8,0,0,1,1,1,2,2,2,59
achilles,0,0,0,0,0,0,0,0,0,16,0,11,0.018,26,8,0,0,1,1,1,2,2,2,11
achilles,0,0,0,0,0,1,0,0,0,25,0,17,0.023,31,8,0,0,1,1,1,2,2,2,25
achilles,0,0,0,0,0,1,0,0,0,30,0,21,0.014,35,8,0,0,1,1,1,2,2,2,35
achilles,0,0,0,0,0,1,0,0,0,37,0,27,0.025,41,8,0,0,1,1,1,2,2,2,49
achilles,0,0,0,0,0,0,0,0,0,24,0,16,0.008,28,8,0,0,1,1,1,2,2,2,23
achilles,0,0,0,0,0,1,0,0,0,32,0,28,0.152,41,8,0,0,1,1,1,2,2,2,56
achilles,0,0,0,0,0,1,0,0,0,28,0,26,0.03,48,18,0,0,2,2,2,3,3,3,30
achilles,0,0,0,0,0,1,0,0,0,32,0,28,0.039,55,22,1,1,2,2,2,3,3,3,41
achilles,0,0,0,0,0,1,0,0,0,32,0,29,0.145,55,22,1,1,2,2,2,3,3,3,41
achilles,0,0,0,0,0,1,0,0,0,19,0,21,0.008,44,17,1,1,2,2,2,3,4,4,26
achilles,0,0,0,0,0,1,0,0,0,23,0,25,0.027,51,19,0,1,2,2,2,3,3,3,28
achilles,0,0,0,0,0,1,0,0,0,24,0,24,0.027,57,19,0,1,2,2,2,3,3,3,29
achilles,0,0,0,0,0,1,0,0,0,19,0,21,0.043,47,18,0,1,2,2,2,3,3,3,25
achilles,0,0,0,0,0,1,0,0,0,23,0,26,0.064,50,18,1,1,2,2,2,3,4,4,33
achilles,0,0,0,0,0,1,0,0,0,25,0,34,2.402,154,23,1,1,2,2,2,3,4,4,36
achilles,0,0,0,0,0,0,0,0,0,8,1,2,0.271,9,2,0,0,0,0,0,1,1,1,2
achilles,0,0,0,0,0,0,0,0,0,4,0,2,0.003,6,2,0,0,0,0,0,1,2,2,0
achilles,0,0,0,0,0,0,0,0,0,3,0,1,0.012,5,2,0,0,0,0,0,1,2,2,0
achilles,0,0,0,0,0,0,0,0,0,3,0,0,0.01,3,2,0,0,0,0,0,0,1,1,0
achilles,0,0,0,0,0,0,0,0,0,3,0,1,0,3,2,0,0,0,0,0,0,1,1,0
achilles,0,0,0,0,0,0,0,0,0,3,0,1,0.011,3,2,0,0,0,0,0,0,1,1,0
achilles,0,0,0,0,0,0,0,0,0,4,0,2,0.006,3,2,0,0,0,0,0,0,1,1,0
achilles,0,0,0,0,0,0,0,0,0,3,0,1,0.009,5,2,0,0,0,0,0,1,2,2,0
achilles,0,0,0,0,0,0,0,0,0,5,0,4,0.003,5,2,0,0,0,0,0,0,1,1,0
achilles,0,0,0,0,0,0,0,0,0,4,0,1,0.013,3,2,0,0,0,0,0,0,1,1,0
achilles,0,0,0,0,0,0,0,0,0,3,0,2,0.016,4,2,0,0,0,0,0,0,2,2,0
achilles,0,0,0,0,0,0,0,0,0,3,0,0,0,3,2,0,0,0,0,0,0,1,1,0
achilles,0,0,0,0,0,0,0,0,0,3,0,1,0.001,3,2,0,0,0,0,0,0,1,1,0
achilles,0,0,0,0,0,0,0,0,0,3,0,1,0,3,2,0,0,0,0,0,0,1,1,0
achilles,0,0,0,0,0,0,0,0,0,3,0,0,0.106,4,3,0,0,0,0,0,1,1,1,0
achilles,0,0,0,0,0,0,0,0,0,3,0,0,0.001,3,2,0,0,0,0,0,0,1,1,0
achilles,0,0,0,0,0,0,0,0,0,3,0,2,0.009,6,3,0,0,0,0,0,0,2,2,0
achilles,0,0,0,0,0,0,0,0,0,3,0,2,0.069,4,2,0,0,0,0,0,0,2,2,0
achilles,0,0,0,0,0,1,0,0,0,3,0,7,0.238,20,11,0,0,1,1,1,2,2,2,11
achilles,0,0,0,0,0,1,0,0,0,20,1,13,0.218,25,8,0,0,1,1,1,2,3,3,17
achilles,0,0,0,0,0,0,0,0,0,4,1,3,0.004,15,7,0,0,1,1,1,2,2,2,5
achilles,0,0,0,0,0,0,0,0,0,5,1,2,0.08,14,7,0,0,1,1,1,2,2,2,4
achilles,0,1,0,0,0,1,0,0,0,12,3,6,0.483,15,6,0,0,0,0,1,1,2,2,11
achilles,0,0,0,0,0,1,0,0,0,14,1,4,1.336,15,5,0,0,0,0,1,1,2,2,2
achilles,0,1,0,0,0,1,0,0,0,7,3,4,0.083,14,5,0,0,0,0,1,1,2,2,6
achilles,0,1,0,0,0,1,0,0,0,12,3,10,0.906,18,5,0,0,0,0,1,1,3,3,11
achilles,0,1,0,1,0,0,0,0,0,7,3,4,0.081,11,4,0,0,0,0,1,1,3,3,6
achilles,0,1,0,0,0,1,0,0,0,18,2,8,0.174,14,4,0,0,0,0,1,1,3,3,4
achilles,0,1,0,0,0,1,0,0,0,18,2,8,0,14,4,0,0,0,0,1,1,3,3,4
achilles,0,1,0,0,0,1,0,0,0,18,2,8,0,13,4,0,0,0,0,1,1,3,3,4
achilles,0,0,0,0,0,1,0,0,0,11,1,8,0.002,42,16,2,1,1,1,1,2,3,3,6
achilles,0,0,0,0,0,1,0,0,0,12,1,9,0.071,43,16,1,1,1,1,1,2,3,3,7
achilles,0,0,0,0,0,0,0,0,0,7,0,6,0.005,40,16,1,2,2,2,2,2,3,3,1
achilles,0,0,0,0,0,0,0,0,0,7,0,6,0.001,40,16,1,2,2,2,2,2,3,3,1
achilles,0,0,0,0,0,0,0,0,0,7,0,4,0.451,34,24,1,1,1,1,1,2,2,2,0
achilles,0,0,0,0,0,0,0,0,0,6,0,7,0.01,53,20,1,1,1,1,1,2,3,3,1
achilles,0,0,0,0,0,0,0,0,0,6,0,6,0.002,40,17,1,1,1,1,1,2,3,3,1
achilles,0,0,0,0,0,0,0,0,0,7,0,7,0.003,44,20,1,2,2,2,2,2,3,3,1
achilles,0,0,0,0,0,1,0,0,0,16,1,13,0.007,46,17,1,1,1,1,1,2,3,3,9
achilles,0,0,0,0,0,1,0,0,0,16,1,13,0.327,48,18,1,1,1,1,1,2,3,3,9
achilles,0,0,0,0,0,1,0,0,0,12,1,9,0.006,42,16,2,1,1,1,1,2,3,3,6
achilles,0,0,0,0,0,1,0,0,0,11,1,9,0.009,42,16,1,1,1,1,1,2,3,3,7
achilles,0,1,0,0,0,1,0,0,0,48,12,41,1.111,125,34,0,1,3,3,4,4,5,5,58
achilles,0,0,0,0,0,0,0,0,0,16,1,14,0.094,64,30,1,1,2,2,3,3,3,3,6
achilles,0,0,0,0,0,0,0,0,0,16,1,15,0.001,69,27,0,0,2,2,3,3,4,4,5
achilles,0,1,0,0,0,1,0,0,0,17,5,12,0.468,47,17,0,0,2,2,3,3,4,4,14
achilles,0,0,0,0,0,1,0,0,0,14,1,9,2.361,44,18,0,0,2,2,2,3,3,3,6
achilles,0,1,0,0,0,1,0,0,0,17,5,14,2.336,37,16,0,0,1,2,2,2,3,3,15
achilles,0,1,0,0,0,1,0,0,0,20,4,20,0.017,47,22,0,0,1,2,2,2,3,3,35
achilles,0,1,0,0,0,1,0,0,0,18,4,17,0.004,41,19,0,0,1,2,2,2,3,3,35
achilles,0,0,0,0,0,1,0,0,0,17,1,17,0.543,45,20,0,0,1,2,2,2,3,3,18
achilles,0,0,0,0,0,1,0,0,0,12,1,8,0.067,30,15,0,0,1,2,2,2,3,3,7
achilles,0,1,0,0,0,1,0,0,0,18,4,17,0.023,41,19,0,0,1,2,2,2,3,3,35
achilles,0,1,0,0,0,1,0,0,0,18,4,17,0.005,41,19,0,0,1,1,1,2,3,3,35
achilles,0,0,0,0,0,1,0,0,0,13,1,9,0.014,32,16,0,0,1,1,1,2,3,3,10
achilles,0,0,0,0,0,1,0,0,0,13,1,10,0.006,33,16,0,0,1,1,1,2,3,3,10
achilles,0,0,0,0,0,1,0,0,0,13,1,10,0.005,33,16,0,0,1,1,1,2,3,3,11
achilles,0,1,0,0,0,1,0,0,0,17,4,14,0.007,37,17,0,0,1,1,1,2,3,3,28
achilles,0,0,0,0,0,1,0,0,0,12,1,9,0.012,32,16,0,0,1,1,1,2,3,3,8
achilles,0,0,0,0,0,1,0,0,0,12,1,9,0.118,32,16,0,0,1,1,1,2,3,3,9
achilles,0,0,0,0,0,1,0,0,0,13,1,10,0.008,33,16,0,0,1,2,2,3,3,3,10
achilles,0,1,0,0,0,1,0,0,0,21,4,18,0.01,42,18,0,0,1,2,2,2,3,3,31
achilles,0,1,0,0,0,1,0,0,0,17,3,15,0.008,38,18,0,0,1,1,1,2,3,3,26
achilles,0,1,0,0,0,1,0,0,0,17,3,15,0.015,38,18,0,0,1,1,1,2,3,3,26
achilles,0,1,0,0,0,1,0,0,0,15,3,12,0.018,35,17,0,0,1,1,1,2,3,3,24
achilles,0,0,0,0,0,1,0,0,0,11,0,9,0.017,33,17,0,0,1,1,1,2,3,3,8
achilles,0,1,0,0,0,1,0,0,0,17,3,15,0.025,39,19,0,0,1,2,2,2,3,3,30
achilles,0,0,0,0,0,1,0,0,0,11,1,8,0.008,30,15,0,0,1,1,1,2,3,3,6
achilles,0,0,0,0,0,1,0,0,0,12,1,8,0.004,30,15,0,0,1,1,1,2,3,3,6
achilles,0,0,0,0,0,1,0,0,0,10,1,7,0.011,29,15,0,0,1,1,1,2,3,3,6
achilles,0,1,0,0,0,1,0,0,0,15,3,13,0.002,36,18,0,0,1,1,1,2,3,3,24
achilles,0,1,0,0,0,0,0,0,0,10,3,8,0.019,35,19,0,0,1,1,1,2,3,3,10
achilles,0,1,0,0,0,1,0,0,0,18,5,16,0.012,40,17,0,0,1,1,1,2,3,3,24
achilles,0,1,0,0,0,1,0,0,0,12,3,10,0.028,37,20,0,0,1,1,1,2,3,3,15
achilles,0,1,0,0,0,1,0,0,0,18,5,16,0.023,40,17,0,0,1,1,1,2,3,3,24
achilles,0,0,0,0,0,1,0,0,0,14,1,10,0.312,35,16,0,0,1,2,2,2,3,3,7
achilles,0,1,0,0,0,1,0,0,0,18,3,15,0.005,38,17,0,0,1,2,2,2,3,3,28
achilles,0,1,0,0,0,1,0,0,0,18,3,15,0.947,46,29,1,1,1,1,1,2,3,3,28
achilles,0,1,0,0,0,1,0,0,0,18,2,12,0.135,22,10,1,1,1,1,1,1,2,2,11
achilles,0,0,0,0,0,1,0,0,0,11,1,8,0.053,21,6,0,0,1,1,2,2,2,2,9
achilles,0,0,0,0,0,1,0,0,0,13,1,9,0.625,19,8,0,0,1,2,2,2,2,2,8
achilles,0,0,0,0,0,1,0,0,0,11,1,9,0.003,23,6,0,0,1,1,2,2,2,2,9
achilles,0,0,0,0,0,1,0,0,0,12,0,11,0.065,25,6,0,0,0,0,0,1,1,1,7
achilles,0,0,0,0,0,1,0,0,0,11,0,12,0.011,32,6,0,0,0,0,0,1,2,2,5
achilles,0,0,0,0,0,0,0,0,0,5,1,8,0.005,38,6,0,0,0,0,0,1,2,2,3
achilles,0,0,0,0,0,1,0,0,0,7,1,9,0.008,40,7,0,0,0,0,0,1,2,2,5
achilles,0,0,0,0,0,1,0,0,0,8,1,9,0.009,39,6,0,0,0,0,0,1,2,2,5
achilles,0,0,0,0,0,1,0,0,0,8,1,9,0.014,41,7,0,0,0,0,0,1,2,2,5
achilles,0,0,0,0,0,1,0,0,0,8,1,9,0.012,53,7,0,0,2,2,2,2,3,3,5
achilles,0,0,0,0,0,1,0,0,0,7,1,9,0.006,39,6,0,0,0,0,0,1,2,2,5
achilles,0,0,0,0,0,1,0,0,0,8,1,10,0.112,41,6,0,0,0,0,0,1,2,2,7
achilles,0,0,0,0,0,1,0,0,0,9,1,10,0.007,38,6,0,0,0,0,0,1,2,2,7
achilles,0,0,0,0,0,1,0,0,0,8,1,11,0.013,42,6,0,0,0,0,0,1,2,2,7
achilles,0,1,0,1,0,1,0,0,0,9,2,11,0.022,39,6,0,0,0,0,0,1,2,2,9
achilles,0,1,0,1,0,1,0,0,0,9,2,11,0.022,42,6,0,0,0,0,0,1,2,2,9
achilles,0,1,0,1,0,1,0,0,0,9,2,11,0.022,38,6,0,0,0,0,0,1,2,2,9
achilles,0,1,0,1,0,1,0,0,0,9,2,11,0.011,41,6,0,0,0,0,0,1,2,2,9
achilles,0,0,0,0,0,1,0,0,0,7,1,9,0.061,39,6,0,0,0,0,0,1,2,2,5
achilles,0,0,0,0,0,1,0,0,0,8,1,12,0.014,47,10,0,0,0,0,1,2,2,2,5
achilles,0,1,0,0,0,1,0,0,0,12,2,13,0.297,38,10,0,0,0,0,1,2,2,2,12
achilles,0,1,0,0,0,1,0,0,0,13,2,13,0.003,34,7,0,0,0,0,0,1,2,2,12
achilles,0,0,0,0,0,1,0,0,0,11,1,6,0.801,27,10,0,0,0,1,1,2,2,2,8
achilles,0,0,0,1,0,0,0,0,0,6,0,3,0.002,9,5,1,1,1,1,1,1,1,1,0
achilles,0,0,0,1,0,0,0,0,0,6,0,3,0.026,9,5,1,1,1,1,1,1,4,4,0
achilles,0,0,0,1,0,0,0,0,0,6,0,5,0.008,9,5,1,1,1,1,1,1,1,1,0
achilles,0,0,0,0,0,0,0,0,0,7,0,5,0.023,14,5,1,1,1,1,1,1,2,2,1
achilles,0,0,0,0,0,0,0,0,0,8,0,4,0.518,20,13,1,1,1,1,1,2,2,2,2
achilles,0,0,0,1,0,0,0,0,0,8,1,10,0.009,22,6,1,1,1,1,1,1,1,1,1
achilles,0,1,0,1,0,0,0,0,0,11,2,11,0.238,23,7,1,1,1,1,1,1,1,1,1
achilles,0,0,0,1,0,0,0,0,0,8,1,10,0,22,6,1,1,1,1,1,1,1,1,1
achilles,0,1,0,1,0,0,0,0,0,13,3,10,0.008,22,6,1,1,1,1,1,1,1,1,1
achilles,0,1,0,1,0,0,0,0,0,17,4,11,0.009,23,7,1,1,1,1,1,1,1,1,1
achilles,0,0,0,1,0,0,0,0,0,8,1,10,0.002,22,6,1,1,1,1,1,1,1,1,1
achilles,0,1,0,1,0,0,0,0,0,9,2,10,0.01,22,6,1,1,1,1,1,1,1,1,1
achilles,0,1,0,1,0,0,0,0,0,16,4,10,0.013,22,6,1,1,1,1,1,1,1,1,1
achilles,0,1,0,1,0,0,0,0,0,15,3,10,0,22,6,1,1,1,1,1,1,1,1,1
achilles,0,1,0,1,0,0,0,0,0,13,3,11,0.02,24,8,1,1,1,1,1,1,1,1,1
achilles,0,1,0,1,0,0,0,0,0,9,2,10,0.003,22,6,1,1,1,1,1,1,1,1,1
achilles,0,1,0,1,0,0,0,0,0,16,4,10,0.088,22,6,1,1,1,1,1,1,1,1,1
achilles,0,1,0,1,0,0,0,0,0,20,5,11,0.008,23,7,1,1,1,1,1,1,1,1,1
achilles,0,1,0,1,0,0,0,0,0,9,2,10,0.007,22,6,1,1,1,1,1,1,1,1,1
achilles,0,0,0,1,0,0,0,0,0,6,0,10,0.083,22,6,1,1,1,1,1,1,1,1,1
achilles,0,0,0,1,0,0,0,0,0,7,1,10,0.024,22,6,1,1,1,1,1,1,1,1,1
achilles,0,0,0,1,0,0,0,0,0,7,1,10,0.019,22,6,1,1,1,1,1,1,1,1,1
achilles,0,1,0,1,0,0,0,0,0,12,3,10,0.008,22,6,1,1,1,1,1,1,1,1,1
achilles,0,1,0,1,0,0,0,0,0,14,3,10,0.002,22,6,1,1,1,1,1,1,1,1,1
achilles,0,1,0,1,0,0,0,0,0,9,2,10,0.017,22,6,1,1,1,1,1,1,1,1,1
achilles,0,1,0,1,0,0,0,0,0,8,2,10,0.009,22,6,1,1,1,1,1,1,1,1,1
achilles,0,1,0,1,0,0,0,0,0,13,4,10,0.019,22,6,1,1,1,1,1,1,1,1,1
achilles,0,1,0,1,0,0,0,0,0,13,4,10,0.003,22,6,1,1,1,1,1,1,1,1,1
achilles,0,0,0,1,0,0,0,0,0,7,1,10,0.008,22,6,1,1,1,1,1,1,1,1,1
achilles,0,1,0,1,0,0,0,0,0,10,2,10,0.013,22,6,1,1,1,1,1,1,1,1,1
achilles,0,0,0,1,0,1,0,0,0,5,1,3,0.018,9,7,1,1,1,1,1,1,1,1,2
achilles,0,0,0,1,0,1,0,0,0,9,1,7,0.04,10,6,1,1,1,1,1,1,1,1,6
achilles,0,0,0,1,0,1,0,0,0,8,1,5,0.008,10,6,1,1,1,1,1,1,1,1,6
achilles,0,0,0,1,0,1,0,0,0,5,1,3,0.004,8,6,1,1,1,1,1,1,1,1,2
achilles,0,0,0,1,0,1,0,0,0,5,1,3,0.014,8,6,1,1,1,1,1,1,1,1,2
achilles,0,0,0,1,0,1,0,0,0,5,1,3,0.008,9,7,1,1,1,1,1,1,1,1,2
achilles,0,0,0,0,0,1,0,0,0,8,1,3,0.006,8,4,1,1,1,1,1,1,1,1,4
achilles,0,0,0,0,0,1,0,0,0,13,1,15,2.221,58,26,0,0,1,1,1,2,5,5,6
achilles,0,0,0,0,0,0,0,0,0,7,1,9,0.004,43,19,1,1,1,1,1,2,3,3,4
achilles,0,0,0,0,0,1,0,0,0,14,1,19,0.003,64,19,0,0,0,1,1,2,5,5,6
achilles,0,1,0,1,0,1,0,0,0,28,11,22,0.165,34,10,1,1,1,1,1,1,2,2,30
achilles,0,0,0,0,0,1,0,0,0,12,1,8,1.463,28,16,1,1,1,1,1,2,2,2,5
achilles,0,0,0,0,0,0,0,0,0,14,0,11,0.012,35,9,1,1,1,1,1,1,2,2,0
achilles,0,0,0,0,0,0,0,0,0,15,0,11,0.007,38,9,1,1,1,1,1,1,2,2,0
achilles,0,0,0,0,0,0,0,0,0,11,0,7,0.348,28,17,1,1,1,1,1,2,2,2,0
achilles,0,0,0,0,0,0,0,0,0,11,0,9,0.01,34,9,1,1,1,1,1,1,2,2,0
achilles,0,0,0,0,0,0,0,0,0,15,0,9,0.02,27,9,1,1,1,1,1,1,2,2,0
achilles,0,0,0,0,0,0,0,0,0,3,1,2,0.008,10,6,1,1,1,1,1,1,1,1,2
achilles,0,0,0,0,0,0,0,0,0,3,1,1,0.152,9,6,1,1,1,1,1,1,1,1,2
achilles,0,0,0,0,0,0,0,0,0,3,1,1,0.005,9,6,1,1,1,1,1,1,1,1,2
achilles,0,0,0,0,0,0,0,0,0,78,0,60,0.109,90,9,1,1,1,1,1,1,2,2,1
achilles,0,0,0,0,0,0,0,0,0,23,1,20,2.052,61,23,0,0,2,2,2,3,3,3,7
achilles,0,0,0,0,0,0,0,0,0,21,1,15,0.017,45,19,0,0,2,2,2,3,3,3,7
achilles,0,0,0,0,0,0,0,0,0,17,1,12,0.66,29,17,0,0,1,2,2,2,2,2,7
achilles,0,0,0,0,0,0,0,0,0,12,1,10,0.015,27,10,0,0,1,1,2,2,2,2,6
achilles,0,0,0,0,0,0,0,0,0,22,1,15,0.014,43,19,0,0,2,2,2,3,3,3,7
achilles,0,0,0,0,0,0,0,0,0,18,1,14,0.016,46,19,0,0,2,2,2,3,3,3,7
achilles,0,0,0,0,0,0,0,0,0,13,1,10,0.013,27,10,0,0,1,1,2,2,2,2,6
achilles,0,0,0,0,0,0,0,0,0,12,1,10,0.009,27,10,0,0,1,1,2,2,2,2,6
achilles,0,0,0,0,0,1,0,0,0,18,0,19,2.385,65,22,1,1,2,2,2,2,2,2,1
achilles,0,0,0,0,0,1,0,0,0,15,0,11,0.012,35,15,0,0,2,2,2,3,3,3,0
achilles,0,0,0,0,0,1,0,0,0,14,0,7,0.169,18,9,0,0,0,1,1,2,2,2,1
achilles,0,0,0,0,0,1,0,0,0,13,0,10,0.001,36,18,1,1,2,2,2,2,2,2,0
achilles,0,0,0,0,0,1,0,0,0,13,0,11,0.002,33,14,0,0,2,2,2,3,3,3,0
achilles,0,0,0,0,0,1,0,0,0,7,1,2,0.019,15,5,1,1,1,1,1,1,1,1,3
achilles,0,0,0,0,0,1,0,0,0,7,1,3,0.475,16,5,1,1,1,1,1,1,1,1,3
achilles,0,0,0,0,0,1,0,0,0,7,1,3,0.008,17,5,1,1,1,1,1,1,1,1,3
achilles,0,0,0,0,0,1,0,0,0,34,1,2,0.125,48,13,1,1,1,1,1,1,1,1,2
achilles,0,0,0,0,0,1,0,0,0,7,1,2,0.004,10,4,1,1,1,1,1,1,1,1,2
achilles,0,0,0,0,0,1,0,0,0,7,0,4,0.004,8,4,1,1,1,1,1,1,1,1,2
achilles,0,0,0,0,0,1,0,0,0,7,0,4,0.006,8,4,1,1,1,1,1,1,1,1,2
achilles,0,0,0,0,0,1,0,0,0,7,0,4,0.008,8,4,1,1,1,1,1,1,1,1,1
achilles,0,0,0,0,0,0,0,0,0,7,0,3,0.01,8,3,1,1,1,1,1,1,1,1,1
achilles,0,0,0,0,0,1,0,0,0,7,0,4,0.017,14,5,1,1,1,1,1,1,1,1,1
achilles,0,0,0,0,0,1,0,0,0,7,0,3,0.136,6,4,1,1,1,1,1,1,1,1,0
achilles,0,0,0,0,0,0,0,0,0,7,0,4,0.002,7,3,1,1,1,1,1,1,1,1,2
achilles,0,0,0,0,0,1,0,0,0,7,1,2,0.005,18,5,1,1,1,1,1,1,1,1,2
achilles,0,0,0,0,0,0,0,0,0,14,1,1,0.002,28,5,1,1,1,1,1,1,1,1,2
achilles,0,0,0,0,0,0,0,0,0,18,1,1,0.28,40,5,1,1,1,1,1,1,1,1,2
achilles,0,0,0,0,0,0,0,0,0,8,0,0,0.007,7,4,1,1,1,1,1,1,1,1,0
achilles,0,0,0,0,0,0,0,0,0,8,0,0,0.108,10,5,1,1,1,1,1,1,1,1,0
achilles,0,0,0,0,0,0,0,0,0,8,0,0,0.004,7,4,1,1,1,1,1,1,1,1,0
achilles,0,0,0,0,0,0,0,0,0,8,0,0,0.014,7,4,1,1,1,1,1,1,1,1,0
achilles,0,0,0,0,0,1,0,0,0,7,1,2,0.002,13,4,1,1,1,1,1,1,1,1,2
achilles,0,0,0,0,0,1,0,0,0,7,1,2,0.446,14,4,1,1,1,1,1,1,1,1,2
achilles,0,0,0,0,0,1,0,0,0,7,1,2,0.002,10,4,1,1,1,1,1,1,1,1,2
achilles,0,0,0,0,0,1,0,0,0,7,1,2,0.001,13,4,1,1,1,1,1,1,1,1,2
achilles,0,0,0,1,0,1,0,0,0,7,1,2,0.256,16,5,1,1,1,1,1,1,1,1,2
achilles,0,0,0,1,0,1,0,0,0,12,1,3,0.017,9,4,1,1,1,1,1,1,1,1,4
achilles,0,0,0,1,0,1,0,0,0,13,1,3,0.002,10,4,1,1,1,1,1,1,1,1,4
achilles,0,0,0,1,0,1,0,0,0,12,1,3,0.005,9,4,1,1,1,1,1,1,1,1,4
achilles,0,0,0,1,0,1,0,0,0,12,1,3,0.003,9,4,1,1,1,1,1,1,1,1,5
achilles,0,0,0,1,0,1,0,0,0,12,1,3,0.061,9,4,1,1,1,1,1,1,1,1,6
achilles,0,0,0,1,0,1,0,0,0,12,1,3,0.015,9,4,1,1,1,1,1,1,1,1,5
achilles,0,0,0,1,0,1,0,0,0,45,1,5,0.039,62,14,1,1,1,1,1,1,1,1,7
achilles,0,0,0,1,0,1,0,0,0,16,1,3,0.02,11,4,1,1,1,1,1,1,1,1,6
achilles,0,0,0,1,0,1,0,0,0,19,1,4,0.028,26,8,1,1,1,1,1,1,1,1,7
achilles,0,0,0,1,0,1,0,0,0,19,1,4,0.001,24,6,1,1,1,1,1,1,1,1,7
achilles,0,0,0,1,0,1,0,0,0,14,1,3,0.015,10,4,1,1,1,1,1,1,1,1,5
achilles,0,0,0,1,0,1,0,0,0,18,1,3,0.001,12,4,1,1,1,1,1,1,1,1,7
achilles,0,0,0,1,0,1,0,0,0,15,1,4,0.009,23,7,1,1,1,1,1,1,1,1,5
achilles,0,0,0,1,0,1,0,0,0,15,1,4,0.001,23,7,1,1,1,1,1,1,1,1,5
achilles,0,0,0,1,0,1,0,0,0,15,1,4,0.007,23,7,1,1,1,1,1,1,1,1,5
achilles,0,0,0,1,0,1,0,0,0,16,1,3,0.656,11,4,1,1,1,1,1,1,1,1,6
achilles,0,0,0,1,0,1,0,0,0,8,0,1,0.007,27,7,1,1,1,1,1,1,1,1,4
achilles,0,0,0,1,0,1,0,0,0,8,0,2,0.002,28,7,1,1,1,1,1,1,1,1,4
achilles,0,0,0,1,0,0,0,0,0,3,0,1,0.007,5,4,1,1,1,1,1,1,1,1,2
achilles,0,0,0,1,0,1,0,0,0,8,0,1,0.008,25,6,1,1,1,1,1,1,1,1,4
achilles,0,0,0,1,0,1,0,0,0,8,0,1,0.003,12,6,1,1,1,1,1,1,1,1,2
achilles,0,0,0,1,0,1,0,0,0,8,0,1,0.002,12,6,1,1,1,1,1,1,1,1,2
achilles,0,0,0,1,0,1,0,0,0,10,0,5,0.008,18,6,1,1,1,1,1,1,1,1,4
achilles,0,0,0,1,0,1,0,0,0,10,0,4,0.001,10,4,1,1,1,1,1,1,1,1,3
achilles,0,0,0,1,0,0,0,0,0,9,0,5,0.01,13,3,1,1,1,1,1,1,1,1,0
achilles,0,0,0,1,0,1,0,0,0,9,0,5,0.005,9,4,1,1,1,1,1,1,1,1,2
achilles,0,0,0,1,0,1,0,0,0,10,0,4,0.008,16,4,1,1,1,1,1,1,1,1,4
achilles,0,0,0,1,0,1,0,0,0,10,0,4,0.004,16,4,1,1,1,1,1,1,1,1,4
achilles,0,0,0,1,0,1,0,0,0,9,0,5,0.043,15,4,1,1,1,1,1,1,1,1,3
achilles,0,0,0,1,0,1,0,0,0,9,0,5,0.005,15,4,1,1,1,1,1,1,1,1,3
achilles,0,0,0,1,0,1,0,0,0,9,0,4,0.007,15,4,1,1,1,1,1,1,1,1,3
achilles,0,0,0,1,0,1,0,0,0,11,0,4,0.005,17,4,1,1,1,1,1,1,1,1,5
achilles,0,0,0,1,0,1,0,0,0,10,0,4,0.006,11,4,1,1,1,1,1,1,1,1,3
achilles,0,0,0,1,0,1,0,0,0,9,0,4,0.003,15,4,1,1,1,1,1,1,1,1,3
achilles,0,0,0,1,0,1,0,0,0,11,0,5,0.012,11,4,1,1,1,1,1,1,1,1,4
achilles,0,0,0,1,0,0,0,0,0,9,0,4,0.012,12,3,1,1,1,1,1,1,1,1,0
achilles,0,0,0,0,0,1,0,0,0,7,1,2,0.008,6,4,1,1,1,1,1,1,1,1,2
achilles,0,0,0,0,0,1,0,0,0,7,1,2,0.001,6,4,1,1,1,1,1,1,1,1,2
achilles,0,0,0,1,0,1,0,0,0,7,1,2,0.269,6,4,1,1,1,1,1,1,1,1,2
achilles,0,0,0,0,0,0,0,0,0,6,0,3,0,9,3,1,1,1,1,1,1,1,1,0
achilles,0,0,0,0,0,0,0,0,0,6,0,3,0.05,8,3,1,1,1,1,1,1,1,1,0
achilles,0,1,0,0,0,1,0,0,0,12,3,8,0.581,16,3,0,0,0,1,1,1,3,3,11
achilles,0,1,0,1,0,0,0,0,0,7,3,4,0.258,9,2,0,0,0,1,1,1,3,3,6
achilles,0,1,0,0,0,0,0,0,0,39,4,5,0.597,18,9,1,1,1,1,1,1,3,3,6
achilles,0,1,0,0,0,0,0,0,0,39,9,5,0.506,18,9,1,1,1,1,1,1,3,3,6
achilles,0,0,0,0,0,0,0,0,0,27,1,6,1.056,26,7,1,1,1,1,1,1,3,3,5
achilles,0,0,0,0,0,1,0,0,0,19,1,11,0.368,22,7,1,1,1,1,1,1,3,3,6
achilles,0,0,0,0,0,1,0,0,0,19,1,11,0.314,22,7,1,1,1,1,1,1,3,3,6
achilles,0,1,0,0,0,0,0,0,0,35,7,5,0.998,17,7,1,1,1,1,1,1,3,3,6
achilles,0,0,0,0,0,0,0,0,0,29,1,7,1.306,32,7,1,1,1,1,1,1,3,3,7
achilles,0,1,0,0,0,1,0,0,0,22,2,9,0.364,21,4,0,0,2,2,2,3,3,3,3
achilles,0,1,0,0,0,1,0,0,0,26,2,11,0.492,23,4,0,0,2,2,2,3,3,3,3
achilles,0,1,0,0,0,1,0,0,0,21,2,8,0.375,17,3,0,0,2,2,2,3,3,3,3
achilles,0,1,0,0,0,1,0,0,0,25,2,10,0.421,20,3,0,0,2,2,2,3,3,3,3
achilles,0,1,0,0,0,1,0,0,0,21,2,8,0.341,17,3,0,0,2,2,2,3,3,3,3
achilles,0,1,0,0,0,1,0,0,0,24,2,10,0.509,21,3,0,0,2,2,2,3,3,3,3
achilles,0,1,0,0,0,1,0,0,0,35,2,19,0.421,30,4,0,0,3,3,3,4,4,4,4
achilles,0,1,0,0,0,1,0,0,0,17,3,10,1.136,19,4,0,0,2,2,2,3,3,3,7
achilles,0,1,0,0,0,1,0,0,0,15,2,8,0.448,15,3,0,0,2,2,2,3,3,3,5
achilles,0,1,0,0,0,1,0,0,0,15,2,8,0.463,14,3,0,0,2,2,2,3,3,3,5
achilles,0,1,0,0,0,1,0,0,0,27,4,15,0.799,18,3,0,0,0,1,1,1,1,1,10
achilles,0,1,0,0,0,1,0,0,0,20,4,11,0.317,20,4,1,1,1,1,1,1,3,3,11
achilles,0,1,0,0,0,1,0,0,0,19,4,10,0.323,19,4,1,1,1,1,1,1,3,3,11
achilles,0,1,0,0,1,1,0,0,0,27,4,11,1.054,20,5,1,1,1,1,1,1,3,3,10
achilles,0,1,0,0,0,1,0,0,0,15,3,8,0.535,31,4,1,1,1,1,1,1,3,3,6
achilles,0,1,0,0,1,1,0,0,0,29,3,14,0.308,23,6,1,1,1,1,1,1,3,3,9
achilles,0,1,0,0,1,1,0,0,0,30,3,14,0.348,24,6,1,1,1,1,1,1,3,3,9
achilles,0,1,0,0,1,1,0,0,0,30,4,15,0.339,25,5,1,1,1,1,1,1,3,3,11
achilles,0,1,0,0,1,1,0,0,0,31,4,15,0.31,26,5,1,1,1,2,2,2,3,3,11
achilles,0,1,0,0,1,1,0,0,0,25,3,13,0.343,22,5,1,1,1,1,1,1,3,3,9
achilles,0,1,0,0,1,1,0,0,0,24,3,13,0.35,21,5,1,1,1,1,1,1,3,3,9
achilles,0,0,0,0,0,1,0,0,0,14,1,9,0.304,17,5,1,1,1,1,1,1,3,3,4
achilles,0,0,0,0,0,1,0,0,0,14,1,9,0.362,17,5,1,1,1,1,1,1,3,3,4
achilles,0,1,0,0,0,1,0,0,0,20,2,13,0.29,20,4,1,1,1,2,2,2,3,3,7
achilles,0,1,0,0,0,1,0,0,0,16,3,11,0.425,21,4,1,1,1,1,1,1,3,3,8
achilles,0,1,0,0,0,0,0,0,0,25,3,4,0.174,9,4,0,0,0,1,1,1,3,3,0
achilles,0,1,0,0,0,0,0,0,0,28,3,4,0.177,9,4,0,0,0,1,1,1,3,3,0
achilles,0,0,0,0,0,0,0,0,0,10,0,4,0.219,9,4,0,0,0,1,1,1,3,3,0
achilles,0,0,0,0,0,0,0,0,0,11,0,4,0.202,9,4,0,0,0,1,1,1,3,3,0
achilles,0,1,0,0,0,1,0,0,0,37,13,8,0.284,17,4,0,0,0,1,1,1,3,3,0
achilles,0,1,0,0,0,0,0,0,0,17,9,4,0.221,9,4,0,0,0,1,1,1,3,3,0
achilles,0,1,0,0,0,0,0,0,0,44,27,4,0.209,9,4,0,0,0,1,1,1,3,3,0
achilles,0,1,0,0,0,1,0,0,0,12,2,8,0.17,13,4,0,0,0,1,1,1,3,3,6
achilles,0,1,0,0,0,1,0,0,0,12,2,8,0.152,14,4,0,0,0,1,1,1,3,3,6
achilles,1,1,0,0,1,1,0,0,0,13,2,8,1.159,13,4,0,0,0,1,1,1,3,3,6
achilles,0,0,0,0,0,0,0,0,0,10,0,4,0.274,9,4,0,0,0,1,1,1,3,3,0
achilles,0,1,0,0,0,0,0,0,0,24,7,4,0.205,9,4,0,0,0,1,1,1,3,3,0
achilles,0,1,0,0,0,0,0,0,0,45,27,4,0.258,9,4,0,0,0,1,1,1,3,3,0
achilles,0,1,0,1,0,0,0,0,0,36,10,4,0.241,9,4,0,0,0,1,1,1,3,3,0
achilles,0,1,0,1,0,0,0,0,0,36,10,4,0.767,9,4,0,0,0,1,1,1,3,3,0
achilles,0,0,0,0,0,1,0,0,0,19,1,11,0.165,16,4,0,0,0,1,1,1,3,3,5
achilles,0,0,0,0,0,1,0,0,0,12,1,7,0.157,12,4,0,0,0,1,1,1,3,3,4
achilles,0,0,0,0,0,1,0,0,0,12,1,7,0.156,12,4,0,0,0,1,1,1,3,3,4
achilles,0,1,0,0,0,0,0,0,0,21,7,4,0.212,9,4,0,0,0,1,1,1,3,3,0
achilles,0,0,0,0,0,1,0,0,0,14,1,9,0.167,14,4,0,0,0,1,1,1,3,3,4
achilles,1,1,0,0,1,1,0,0,0,11,2,8,1.18,13,4,0,0,0,1,1,1,3,3,6
achilles,0,1,0,0,0,1,0,0,0,24,3,19,0.229,22,4,0,0,0,1,1,1,3,3,9
achilles,0,1,0,0,0,0,0,0,0,17,3,4,0.782,8,4,0,0,0,1,1,1,3,3,0
achilles,0,1,0,0,0,1,0,0,0,14,2,11,0.234,15,4,0,0,0,1,1,1,3,3,5
achilles,0,1,0,0,1,1,0,0,0,25,3,19,0.309,30,4,0,0,0,1,1,1,3,3,10
achilles,0,0,0,0,1,1,0,0,0,22,1,14,0.406,18,4,0,0,0,1,1,1,3,3,4
achilles,0,0,0,0,0,1,0,0,0,17,1,13,0.733,16,4,0,0,0,1,1,1,3,3,4
achilles,0,0,0,0,0,1,0,0,0,14,1,10,0.242,16,5,0,0,0,1,1,1,3,3,3
achilles,0,0,0,0,0,1,0,0,0,16,1,11,0.234,22,5,0,0,0,1,1,1,3,3,3
achilles,0,1,0,0,0,0,0,0,0,27,3,2,0.203,9,4,0,0,0,1,1,1,3,3,0
achilles,0,1,0,0,0,0,0,0,0,29,3,2,0.216,9,4,0,0,0,1,1,1,3,3,0
achilles,0,1,0,0,0,0,0,0,0,18,9,2,0.31,9,4,0,0,0,1,1,1,3,3,0
achilles,0,1,0,0,0,0,0,0,0,48,30,2,0.217,9,4,0,0,0,1,1,1,3,3,0
achilles,0,1,0,0,0,1,0,0,0,15,2,9,0.134,16,4,0,0,0,1,1,1,3,3,5
achilles,0,1,0,0,0,1,0,0,0,15,2,9,0.737,17,4,0,0,0,1,1,1,3,3,5
achilles,0,0,0,0,0,0,0,0,0,10,0,2,0.228,9,4,0,0,0,1,1,1,3,3,0
achilles,0,1,0,0,0,0,0,0,0,25,7,2,0.261,9,4,0,0,0,1,1,1,3,3,0
achilles,0,1,0,0,0,0,0,0,0,27,10,2,0.298,9,4,0,0,0,1,1,1,3,3,0
achilles,0,1,0,0,0,0,0,0,0,24,6,2,0.196,9,4,0,0,0,1,1,1,3,3,0
achilles,0,1,0,0,0,1,0,0,0,23,6,3,0.237,10,4,0,0,0,1,1,1,3,3,0
achilles,0,0,0,0,0,1,0,0,0,17,1,9,0.138,16,4,0,0,0,1,1,1,3,3,4
achilles,0,0,0,0,0,1,0,0,0,14,1,8,0.184,15,4,0,0,0,1,1,1,3,3,3
achilles,0,0,0,0,0,1,0,0,0,14,1,12,0.177,21,4,0,0,0,1,1,1,3,3,3
achilles,0,1,0,0,0,0,0,0,0,15,3,2,0.163,9,4,0,0,0,1,1,1,3,3,0
achilles,0,0,0,0,0,1,0,0,0,16,1,10,0.162,17,4,0,0,0,1,1,1,3,3,3
achilles,0,1,0,0,0,0,0,0,0,45,27,9,1.335,14,4,0,0,0,1,1,1,3,3,0
achilles,0,1,0,0,0,1,0,0,0,15,3,12,0.163,17,4,0,0,0,1,1,1,3,3,9
achilles,0,1,0,0,0,1,0,0,0,13,3,11,0.166,15,4,0,0,0,1,1,1,3,3,8
achilles,0,1,0,0,0,0,0,0,0,46,27,4,0.492,8,4,0,0,0,1,1,1,3,3,0
achilles,0,1,0,0,1,1,0,0,0,25,2,16,0.263,20,4,0,0,0,1,1,1,3,3,9
achilles,0,0,0,0,1,1,0,0,0,15,1,11,2.141,15,4,0,0,0,1,1,1,3,3,4
achilles,0,1,0,0,0,0,0,0,0,21,5,4,0.429,8,4,0,0,0,1,1,1,3,3,0
achilles,0,1,0,0,0,1,0,0,0,22,3,15,0.199,19,4,0,0,0,1,1,1,3,3,9
achilles,0,1,0,0,0,1,0,0,0,12,2,6,0.139,13,4,0,0,0,1,1,1,3,3,5
achilles,0,1,0,0,0,1,0,0,0,13,2,7,0.145,17,4,0,0,0,1,1,1,3,3,5
achilles,0,0,0,0,0,1,0,0,0,16,1,7,0.155,15,5,0,0,0,1,1,1,3,3,4
achilles,0,0,0,0,0,1,0,0,0,12,1,5,0.714,14,5,0,0,0,1,1,1,3,3,3
achilles,0,0,0,0,0,1,0,0,0,15,1,7,0.176,14,4,0,0,0,1,1,1,3,3,3
achilles,0,1,0,0,0,0,0,0,0,39,22,4,0.249,9,5,0,0,0,1,1,1,3,3,0
achilles,0,0,0,0,0,1,0,0,0,16,1,12,1.207,18,5,0,0,0,1,1,1,3,3,3
achilles,0,1,0,0,0,1,0,0,0,12,2,11,0.149,20,5,0,0,0,1,1,1,3,3,5
achilles,0,1,0,0,0,1,0,0,0,12,2,10,0.167,16,5,0,0,0,1,1,1,3,3,5
achilles,0,1,0,0,0,0,0,0,0,41,21,5,0.505,11,5,0,0,0,1,1,1,3,3,0
achilles,0,0,0,0,0,1,0,0,0,17,1,12,0.173,18,5,0,0,0,1,1,1,3,3,5
achilles,0,0,0,0,0,1,0,0,0,12,1,9,0.147,14,5,0,0,0,1,1,1,3,3,3
achilles,0,1,0,0,0,0,0,0,0,15,3,4,0.194,9,5,0,0,0,1,1,1,3,3,0
achilles,0,1,0,0,0,1,0,0,0,45,27,8,0.252,13,4,0,0,0,1,1,1,3,3,0
achilles,0,1,0,0,0,0,0,0,0,23,13,3,1.021,9,4,0,0,0,1,1,1,3,3,0
achilles,0,1,0,0,0,1,0,0,0,19,3,9,0.338,31,5,1,1,1,1,2,2,4,4,5
achilles,0,0,0,0,0,1,0,0,0,22,1,8,1.41,35,4,1,1,1,1,2,2,4,4,7
achilles,0,0,0,0,0,1,0,0,0,9,1,7,0.337,28,5,1,1,1,1,2,2,3,3,3
achilles,0,1,0,0,0,1,0,0,0,24,3,12,0.408,27,5,1,1,1,1,2,2,4,4,7
achilles,0,1,0,0,0,1,0,0,0,18,2,8,0.994,30,5,1,1,1,1,2,2,4,4,3
achilles,0,0,0,0,0,1,0,0,0,8,1,7,0.336,28,5,1,1,1,1,2,2,3,3,3
achilles,0,0,0,0,0,1,0,0,0,9,1,7,0.69,28,5,1,1,1,1,2,2,4,4,3
achilles,0,0,0,0,0,1,0,0,0,10,0,6,0.279,12,4,1,1,1,1,1,1,3,3,1
achilles,0,0,0,0,0,1,0,0,0,10,0,7,0.249,14,4,1,1,1,1,1,1,3,3,1
achilles,0,0,0,0,0,1,0,0,0,12,1,9,0.323,30,5,1,1,1,1,2,2,3,3,3
achilles,0,0,0,0,0,1,0,0,0,16,0,12,0.636,17,4,1,1,1,1,1,1,3,3,4
achilles,0,0,0,0,0,1,0,0,0,10,0,8,0.156,11,3,1,1,1,1,1,2,3,3,3
achilles,0,0,0,0,0,1,0,0,0,13,1,12,0.598,30,4,1,1,1,1,1,1,3,3,3
achilles,0,0,0,0,0,0,0,0,0,24,1,7,0.263,25,4,1,1,1,1,1,1,3,3,7
achilles,0,0,0,0,0,1,0,0,0,15,0,13,0.116,17,4,1,1,1,1,2,2,3,3,4
achilles,0,0,0,0,0,1,0,0,0,15,1,7,0.447,16,4,0,0,0,1,1,2,3,3,5
achilles,0,0,0,0,0,1,0,0,0,8,1,6,0.326,11,4,0,0,0,1,1,1,3,3,2
achilles,0,0,0,0,0,1,0,0,0,5,1,2,0.239,9,4,0,0,0,1,1,1,3,3,2
achilles,0,1,0,0,0,1,0,0,0,15,2,10,1.451,15,4,0,0,0,1,1,1,3,3,4
achilles,0,0,0,0,0,1,0,0,0,11,1,4,0.463,7,4,0,0,0,1,1,1,3,3,5
achilles,0,1,0,0,1,1,0,0,0,27,2,11,1.471,21,4,0,0,0,1,1,1,3,3,9
achilles,0,0,0,0,0,1,0,0,0,15,1,6,0.454,15,4,0,0,0,1,1,2,4,4,5
achilles,0,0,1,0,0,1,0,0,0,11,0,5,0.009,54,7,0,1,4,4,4,3,4,4,1
achilles,0,0,1,0,0,1,0,0,0,11,0,5,0.028,50,7,0,1,2,2,3,3,3,3,1
achilles,0,0,0,0,0,1,0,0,0,9,1,4,0.86,57,7,0,0,2,2,3,3,5,5,2
achilles,0,0,0,0,0,1,0,0,0,9,1,6,3.301,40,10,0,0,2,2,2,3,4,4,2
achilles,0,0,0,0,0,1,0,0,0,6,1,4,0.002,47,7,0,0,2,2,3,3,3,3,2
achilles,0,0,0,0,0,1,0,0,0,8,1,7,0.202,12,4,0,0,0,1,2,2,3,3,5
achilles,0,1,0,0,0,1,0,0,0,12,5,11,0.22,16,4,0,0,2,2,2,2,3,3,14
achilles,0,0,0,0,0,1,0,0,0,8,1,7,0.253,12,4,0,0,0,1,1,1,3,3,6
achilles,0,1,0,0,0,1,0,0,0,13,4,11,0.229,16,4,0,0,2,2,2,2,4,4,11
achilles,0,0,0,0,0,0,0,0,0,5,0,4,0.242,8,4,0,0,0,1,1,1,3,3,0
achilles,0,0,0,0,0,1,0,0,0,7,1,6,0.215,11,4,0,0,2,2,2,2,3,3,5
achilles,0,0,0,0,0,1,0,0,0,8,1,7,0.223,12,4,0,0,0,1,2,2,3,3,5
achilles,0,1,0,0,0,1,0,0,0,13,4,11,0.319,16,4,0,0,2,2,2,2,3,3,11
achilles,0,1,0,0,0,1,0,0,0,11,2,8,0.203,13,4,0,0,2,2,3,3,3,3,7
achilles,0,1,0,0,0,1,0,0,0,13,3,10,0.286,15,4,0,0,2,2,2,2,4,4,9
achilles,0,1,0,0,0,1,0,0,0,16,5,13,0.24,18,4,0,0,2,2,2,2,4,4,13
achilles,0,1,0,0,0,1,0,0,0,11,2,8,0.198,13,4,0,0,2,2,2,2,3,3,7
achilles,0,1,0,0,0,1,0,0,0,11,2,8,0.215,13,4,0,0,2,2,2,2,4,4,7
achilles,0,1,0,0,0,1,0,0,0,16,3,12,0.87,17,4,0,0,2,2,3,3,4,4,9
achilles,0,1,0,0,0,1,0,0,0,11,2,8,0.202,13,4,0,0,2,2,2,2,4,4,7
achilles,0,1,0,0,0,1,0,0,0,16,3,9,0.203,14,4,0,0,2,2,2,2,4,4,9
achilles,0,1,0,0,0,1,0,0,0,13,4,10,0.203,15,4,0,0,2,2,2,2,3,3,11
achilles,0,0,0,0,0,1,0,0,0,11,1,8,0.222,13,4,0,0,0,1,2,2,3,3,5
achilles,0,0,0,0,0,1,0,0,0,11,1,8,0.258,13,4,0,0,0,1,1,1,3,3,5
achilles,0,0,0,0,0,1,0,0,0,10,1,8,0.206,13,4,0,0,0,1,1,1,3,3,5
achilles,0,0,0,0,0,1,0,0,0,9,1,7,0.22,12,4,0,0,0,1,1,1,3,3,5
achilles,0,0,0,0,0,1,0,0,0,10,1,7,0.212,12,4,0,0,2,2,2,2,3,3,5
achilles,0,1,0,0,0,1,0,0,0,14,2,10,0.197,15,4,0,0,2,2,2,2,4,4,7
achilles,0,1,0,0,0,1,0,0,0,14,2,10,0.202,15,4,0,0,2,2,2,2,4,4,7
achilles,0,1,0,0,0,1,0,0,0,12,2,9,0.204,14,4,0,0,2,2,2,2,4,4,7
achilles,0,1,0,0,0,1,0,0,0,11,2,8,0.21,13,4,0,0,2,2,2,2,3,3,7
achilles,0,1,0,0,0,1,0,0,0,21,4,14,0.192,19,4,0,0,2,2,2,2,3,3,11
achilles,0,1,0,0,0,1,0,0,0,19,4,13,0.196,18,4,0,0,2,2,2,2,3,3,11
achilles,0,1,0,0,0,1,0,0,0,16,4,12,0.202,17,4,0,0,2,2,2,2,3,3,11
achilles,0,1,0,0,0,1,0,0,0,14,4,10,0.202,15,4,0,0,2,2,2,2,4,4,11
achilles,0,1,0,0,0,1,0,0,0,14,4,10,0.23,15,4,0,0,2,2,3,3,3,3,11
achilles,0,1,0,0,0,1,0,0,0,13,4,10,0.197,15,4,0,0,2,2,2,2,4,4,11
achilles,0,1,0,0,0,1,0,0,0,16,4,12,0.2,17,4,0,0,2,2,2,2,3,3,11
achilles,0,1,0,0,0,1,0,0,0,13,4,10,0.196,15,4,0,0,2,2,2,2,3,3,11
achilles,0,1,0,0,0,1,0,0,0,13,4,10,0.217,15,4,0,0,2,2,2,2,3,3,11
achilles,0,0,0,0,0,1,0,0,0,11,1,9,0.195,14,4,0,0,0,1,1,1,3,3,5
achilles,0,1,0,0,0,1,0,0,0,7,2,3,2.202,5,1,0,0,2,2,2,2,4,4,4
achilles,0,1,0,0,0,1,0,0,0,15,5,9,0.172,17,4,0,0,0,1,1,1,3,3,11
achilles,0,1,0,0,0,1,0,0,0,13,4,8,0.145,16,4,0,0,0,1,1,1,3,3,14
achilles,0,1,0,0,0,1,0,0,0,14,2,7,0.158,15,4,0,0,0,1,1,1,3,3,5
achilles,0,0,0,0,0,1,0,0,0,13,1,6,0.744,19,4,0,0,0,1,1,1,3,3,4
achilles,0,0,0,0,0,1,0,0,0,12,1,6,0.15,14,4,0,0,0,1,1,1,3,3,3
achilles,0,0,0,0,0,1,0,0,0,13,1,6,0.135,14,4,0,0,0,1,1,1,3,3,3
achilles,0,0,0,0,0,1,0,0,0,13,1,7,0.168,15,4,0,0,0,1,1,1,3,3,3
achilles,0,1,0,0,0,1,0,0,0,21,4,15,0.041,20,11,0,0,2,2,2,3,5,5,8
achilles,0,1,0,0,0,1,0,0,0,14,4,13,0.023,18,11,0,0,2,2,2,3,3,3,12
achilles,0,0,0,0,0,1,0,0,0,13,1,10,0.026,16,11,0,0,2,3,3,3,2,2,2
achilles,0,0,0,0,0,1,0,0,0,17,1,11,0.135,21,11,0,0,2,2,2,3,4,4,5
achilles,0,0,0,0,0,1,0,0,0,13,1,10,0.055,16,11,0,0,2,2,2,4,2,2,2
achilles,0,0,0,0,0,1,0,0,0,10,1,10,0.523,16,11,0,0,2,2,2,3,2,2,2
achilles,0,0,0,0,0,1,0,0,0,8,1,4,0.035,14,11,0,0,2,2,2,3,0,0,2
achilles,0,0,0,0,0,1,0,0,0,8,1,9,0.409,14,11,0,0,2,2,2,3,6,6,2
achilles,0,1,0,0,0,1,0,0,0,17,4,16,0.043,21,11,0,0,2,2,2,3,6,6,12
achilles,0,0,0,0,0,1,0,0,0,13,1,5,0.232,12,4,0,0,0,1,1,1,3,3,2
achilles,0,0,0,0,1,1,0,0,0,14,1,6,1.266,13,4,0,0,0,1,1,1,3,3,2
achilles,0,0,0,0,0,1,0,0,0,15,1,5,0.325,16,4,0,0,0,1,1,1,3,3,6
achilles,0,0,0,0,1,1,0,0,0,16,1,6,1.256,15,4,0,0,0,1,1,1,3,3,6
achilles,0,0,0,0,0,1,0,0,0,13,1,5,0.939,12,4,0,0,0,1,1,1,3,3,2
achilles,0,0,0,0,1,1,0,0,0,14,1,6,1.252,13,4,0,0,0,1,1,1,3,3,2
achilles,0,1,0,0,0,1,0,0,0,16,2,8,0.362,15,4,0,0,0,1,1,1,3,3,4
achilles,0,1,0,0,0,1,0,0,0,22,7,14,1.848,23,5,0,0,0,1,1,1,3,3,15
achilles,0,1,0,0,0,1,0,0,0,21,2,12,0.534,13,2,0,0,0,1,1,1,1,1,5
achilles,0,1,0,0,0,1,0,0,0,20,2,11,0.063,14,2,0,0,2,2,2,2,2,2,5
achilles,0,1,0,0,0,1,0,0,0,22,2,12,0.462,14,2,0,0,0,1,1,1,1,1,5
achilles,0,0,0,0,0,1,0,0,0,6,0,3,0.068,9,4,0,0,0,1,1,1,3,3,0
achilles,0,0,0,0,0,1,0,0,0,10,0,3,0.193,9,4,0,0,0,1,1,1,3,3,1
achilles,0,0,0,0,0,1,0,0,0,12,0,4,0.215,12,4,0,0,0,1,1,1,3,3,0
achilles,0,1,0,0,0,1,0,0,0,10,2,5,0.222,12,4,0,0,0,1,1,1,3,3,4
achilles,0,0,0,0,0,1,0,0,0,10,1,3,0.222,12,4,0,0,0,1,1,1,3,3,2
achilles,0,1,0,0,0,1,0,0,0,35,18,22,0.301,31,4,0,0,0,1,1,1,3,3,36
achilles,0,1,0,0,0,1,0,0,0,21,3,10,0.249,19,4,0,0,0,1,1,1,3,3,7
achilles,0,1,0,0,0,1,0,0,0,31,10,15,0.309,26,4,0,1,1,2,2,2,3,3,29
achilles,0,1,0,0,0,1,0,0,0,13,5,8,0.164,15,4,0,0,0,1,1,1,3,3,11
achilles,0,1,0,0,0,1,0,0,0,19,3,9,0.218,18,4,0,0,0,1,1,1,3,3,8
achilles,0,1,0,0,0,1,0,0,0,14,2,6,0.227,15,4,0,0,0,1,1,1,3,3,6
achilles,0,1,0,0,0,1,0,0,0,14,2,6,0.632,15,4,0,0,0,1,1,1,3,3,6
achilles,0,1,0,0,0,1,0,0,0,23,4,13,0.254,22,4,0,0,0,1,1,1,3,3,9
achilles,0,0,0,0,0,1,0,0,0,11,1,4,0.23,13,4,0,0,0,1,1,1,3,3,2
achilles,0,0,0,0,0,1,0,0,0,6,1,3,0.158,10,4,0,0,0,1,1,1,3,3,2
achilles,0,1,0,0,0,1,0,0,0,18,5,11,0.195,19,4,0,0,0,1,1,1,3,3,12
achilles,0,1,0,0,0,1,0,0,0,22,4,13,0.895,22,4,0,0,0,1,1,1,3,3,13
achilles,0,0,0,0,0,1,0,0,0,15,1,6,0.399,13,4,0,0,1,2,2,2,3,3,8
achilles,0,0,0,0,0,1,0,0,0,17,1,8,0.296,15,4,0,0,1,2,2,2,3,3,8
achilles,0,0,0,0,0,1,0,0,0,15,1,6,0.996,13,4,0,0,0,1,1,1,3,3,8
achilles,0,0,0,0,0,1,0,0,0,9,1,4,0.403,11,4,0,0,0,1,1,1,3,3,2
achilles,0,1,0,0,0,1,0,0,0,14,3,10,0.397,21,4,0,0,2,2,2,2,4,4,11
achilles,0,1,1,0,0,1,0,0,0,84,37,18,0.438,51,4,0,0,0,2,2,2,4,4,74
achilles,0,1,1,0,0,1,0,0,0,74,27,24,0.423,48,4,0,0,0,2,2,2,4,4,54
achilles,0,1,0,0,0,1,0,0,0,13,2,7,0.368,14,4,0,0,0,1,1,1,3,3,4
achilles,0,1,0,0,0,1,0,0,0,19,6,14,0.335,20,4,0,0,0,1,1,1,3,3,13
achilles,0,1,0,0,0,1,0,0,0,29,10,16,0.467,26,4,0,0,0,1,1,2,4,4,20
achilles,0,1,0,0,0,1,0,0,0,18,5,11,0.311,18,4,0,0,0,1,1,1,3,3,11
achilles,0,1,0,0,0,1,0,0,0,23,10,14,0.446,23,4,0,0,0,1,1,1,3,3,20
achilles,0,1,1,0,0,1,0,0,0,72,37,12,0.515,45,4,0,0,0,1,1,2,4,4,74
achilles,0,1,1,0,0,1,0,0,0,56,21,12,0.974,36,4,0,0,0,2,2,2,3,3,42
achilles,0,1,0,0,0,1,0,0,0,10,2,6,0.363,13,4,0,0,0,1,1,1,3,3,4
achilles,0,1,0,0,0,1,0,0,0,39,14,24,0.505,36,4,0,0,0,2,2,2,4,4,28
achilles,0,1,0,0,0,1,0,0,0,14,2,7,0.386,14,4,0,0,0,1,1,1,4,4,4
achilles,0,1,0,0,0,1,0,0,0,12,2,6,0.483,13,4,0,0,0,1,1,1,3,3,4
achilles,0,0,0,0,0,1,0,0,0,11,1,6,1.465,15,6,0,0,0,1,1,1,3,3,2
achilles,0,0,0,0,0,1,0,0,0,26,1,11,4.756,22,2,0,1,1,1,1,1,1,1,9
achilles,0,0,0,0,0,1,0,0,0,29,1,14,27.735,27,3,0,1,1,1,1,1,1,1,8
achilles,0,0,0,0,0,1,0,0,0,20,0,4,2.452,11,1,0,1,1,1,1,1,1,1,6
achilles,0,1,0,0,0,1,0,0,0,24,3,14,0.209,22,3,0,0,0,1,1,1,3,3,6
achilles,1,1,0,0,0,1,0,0,0,16,2,9,0.962,16,4,0,0,0,1,1,2,3,3,4
achilles,0,0,0,0,0,0,0,0,0,8,0,3,0.116,7,2,0,0,0,2,2,2,3,3,0
achilles,0,0,0,0,0,0,0,0,0,7,0,2,0.151,6,2,0,0,0,1,1,1,3,3,0
achilles,0,1,0,0,0,1,0,0,0,17,5,10,1.997,18,4,0,0,0,1,1,1,3,3,12
achilles,0,1,0,0,0,1,0,0,0,65,17,42,1.011,49,3,0,0,0,1,1,1,3,3,36
achilles,0,0,0,0,0,1,0,0,0,20,1,10,0.058,13,3,0,0,0,1,2,2,2,2,2
achilles,0,0,0,0,0,1,0,0,0,23,1,12,0.492,15,3,0,0,0,1,1,1,2,2,2
achilles,0,1,0,0,0,1,0,0,0,23,4,16,0.246,25,4,0,0,0,1,1,1,4,4,9
achilles,0,1,0,0,0,1,0,0,0,24,5,17,0.848,26,4,0,0,0,1,1,1,3,3,11
achilles,0,0,0,0,0,1,0,0,0,12,1,7,0.151,14,4,0,0,0,1,1,1,3,3,3
achilles,0,0,0,0,0,1,0,0,0,12,1,10,0.127,19,4,0,0,0,1,1,1,3,3,3
achilles,0,0,0,0,1,1,0,0,0,12,1,7,1.149,14,4,0,0,0,1,1,1,3,3,3
achilles,0,1,0,0,0,1,0,0,0,20,3,12,0.189,21,4,0,0,0,1,1,1,3,3,7
achilles,0,0,0,0,0,1,0,0,0,10,1,5,0.629,11,3,0,0,0,1,1,1,3,3,3
achilles,0,0,0,0,0,1,0,0,0,10,1,5,0.125,11,3,0,0,0,1,1,1,3,3,3
achilles,0,0,0,0,1,1,0,0,0,10,1,5,1.14,13,3,0,0,0,1,1,1,3,3,3
achilles,0,0,0,0,0,0,0,0,0,8,0,7,0.003,19,2,1,1,1,1,1,1,3,3,4
achilles,0,0,0,0,0,0,0,0,0,8,0,2,0.005,20,2,1,1,1,1,1,1,1,1,2
achilles,0,0,0,0,0,0,0,0,0,8,0,6,0.001,17,2,1,1,1,1,1,1,3,3,4
achilles,0,0,0,0,0,0,0,0,0,8,0,3,0.001,16,2,1,1,1,1,1,1,1,1,10
achilles,0,0,0,0,0,0,0,0,0,8,0,2,0.003,18,2,1,1,1,1,1,1,1,1,2
achilles,0,0,0,0,0,0,0,0,0,8,0,6,0.448,18,2,1,1,1,1,1,1,3,3,4
achilles,0,0,0,0,0,0,0,0,0,8,0,3,0.002,23,2,1,1,1,1,1,1,1,1,2
achilles,0,0,0,0,0,0,0,0,0,9,0,4,0.003,17,2,1,1,1,1,1,1,1,1,2
achilles,0,0,0,0,0,0,0,0,0,8,0,7,0.003,19,2,1,1,1,1,1,1,3,3,4
achilles,0,1,0,0,0,1,0,0,0,13,3,12,2.868,23,5,0,0,2,2,2,3,5,5,10
achilles,0,1,0,0,0,0,0,0,0,13,3,9,0.014,14,4,0,0,2,2,2,3,5,5,9
achilles,0,0,0,0,0,1,0,0,0,4,1,4,0.011,5,3,0,0,2,2,2,2,0,0,2
achilles,0,0,0,0,0,1,0,0,0,4,1,3,0.013,5,3,0,0,2,2,2,2,0,0,2
achilles,0,0,0,0,0,1,0,0,0,4,1,4,0.008,5,3,0,0,2,2,2,2,0,0,2
achilles,0,0,0,0,0,1,0,0,0,4,1,4,0,5,3,0,0,2,2,2,2,0,0,2
achilles,0,1,0,0,0,1,0,0,0,11,6,8,0.23,12,4,0,0,0,1,1,1,0,0,18
achilles,0,1,0,0,0,1,0,0,0,7,3,4,0.095,8,4,0,0,0,1,1,1,0,0,9
achilles,0,1,0,1,0,1,0,0,0,9,3,5,0.02,13,4,1,1,1,2,2,2,3,3,9
achilles,0,1,0,1,0,1,0,0,0,11,2,4,0.053,13,4,1,1,1,1,1,1,1,1,6
achilles,0,1,0,1,0,1,0,0,0,14,6,9,0.552,26,8,1,1,1,2,2,2,6,6,15
achilles,0,1,0,1,0,0,0,0,0,11,2,6,0.05,11,2,0,0,0,0,0,2,2,2,4
achilles,0,1,0,0,0,1,0,0,0,9,2,7,0.251,10,4,0,0,0,0,0,1,1,1,4
achilles,0,1,0,0,0,1,0,0,0,9,2,8,0.001,12,4,0,0,0,0,0,2,1,1,4
achilles,0,0,0,0,0,0,0,0,0,7,1,4,0.007,7,2,0,0,0,0,0,1,1,1,2
achilles,0,1,0,0,0,1,0,0,0,8,2,5,0.001,7,4,0,0,0,0,0,1,1,1,4
achilles,0,0,0,0,0,0,0,0,0,7,1,5,0.003,8,2,0,0,0,0,0,1,1,1,2
