elastic-job-lite,0,1,0,0,0,1,0,0,0,9,2,34,8.365,137,50,0,1,1,1,1,1,1,1,10
elastic-job-lite,0,0,0,0,0,1,0,0,0,7,0,6,5.694,15,5,0,1,1,1,1,1,1,1,6
elastic-job-lite,0,0,0,0,0,1,0,0,0,7,0,6,0.005,17,5,0,1,1,1,1,1,1,1,8
elastic-job-lite,0,0,0,0,0,1,0,0,0,7,0,2,0.009,7,6,0,1,1,1,1,1,1,1,4
elastic-job-lite,0,0,0,0,1,1,0,0,0,7,0,7,0.011,15,5,0,1,1,1,1,1,1,1,6
elastic-job-lite,0,0,0,0,0,1,0,0,0,7,0,8,0.017,15,5,0,1,1,1,1,1,1,1,8
elastic-job-lite,0,0,0,0,0,1,0,0,0,7,0,2,0.013,7,6,0,1,1,1,1,1,1,1,4
elastic-job-lite,0,1,0,0,0,1,0,0,0,10,6,8,0.043,15,4,0,1,1,1,1,1,1,1,6
elastic-job-lite,0,0,0,0,0,1,0,0,0,4,1,1,0.001,9,4,0,1,1,1,1,1,1,1,1
elastic-job-lite,0,0,0,0,0,1,0,0,0,5,1,3,0.004,10,3,0,1,1,1,1,1,1,1,1
elastic-job-lite,0,0,0,0,0,1,0,0,0,7,1,5,0.004,13,3,0,1,1,1,1,1,1,1,1
elastic-job-lite,0,0,0,0,0,1,0,0,0,7,1,5,0.059,13,3,0,1,1,1,1,1,1,1,1
elastic-job-lite,0,0,0,0,0,1,0,0,0,7,1,5,0.006,12,3,0,1,1,1,1,1,1,1,1
elastic-job-lite,0,0,0,0,0,1,0,0,0,7,1,5,0.001,13,3,0,1,1,1,1,1,1,1,1
elastic-job-lite,0,0,0,0,0,1,0,0,0,3,1,3,0.007,4,2,0,1,1,1,1,1,1,1,1
elastic-job-lite,0,0,0,0,0,0,0,0,0,7,1,5,0.01,15,4,0,1,1,1,1,1,1,1,1
elastic-job-lite,0,0,0,0,0,0,0,0,0,7,1,5,0.069,19,4,0,1,1,1,1,1,1,1,1
elastic-job-lite,0,0,0,0,0,0,0,0,0,7,1,9,0.044,17,4,0,1,1,1,1,1,1,1,1
elastic-job-lite,0,0,0,0,0,0,0,0,0,7,1,10,0,19,4,0,1,1,1,1,1,1,1,1
elastic-job-lite,0,0,0,0,0,0,0,0,0,7,1,8,0.01,17,4,0,1,1,1,1,1,1,1,1
elastic-job-lite,0,0,0,0,0,1,0,0,0,3,1,1,0.061,4,3,0,1,1,1,1,1,1,1,1
elastic-job-lite,0,0,0,0,0,0,0,0,0,3,1,1,0.001,3,2,0,1,1,1,1,1,1,1,1
elastic-job-lite,0,0,0,0,0,0,0,0,0,3,1,2,0.038,5,3,0,1,1,1,1,1,1,1,1
elastic-job-lite,0,0,0,0,0,0,0,0,0,3,0,1,0.001,5,3,0,1,1,1,1,1,1,1,0
elastic-job-lite,0,0,0,0,0,0,0,0,0,3,0,1,0.001,6,3,0,1,1,1,1,1,1,1,0
elastic-job-lite,0,0,0,0,0,0,0,0,0,3,0,1,0.031,6,3,0,1,1,1,1,1,1,1,0
elastic-job-lite,0,0,0,0,0,0,0,0,0,3,1,2,0.001,6,3,0,1,1,1,1,1,1,1,1
elastic-job-lite,0,1,0,0,0,0,0,0,0,12,6,4,0.075,10,5,0,1,1,1,1,1,1,1,2
elastic-job-lite,0,0,0,0,0,0,0,0,0,5,0,7,0.008,12,5,0,1,1,1,1,1,1,1,3
elastic-job-lite,0,0,0,0,0,0,0,0,0,3,0,2,0,6,4,0,1,1,1,1,1,1,1,0
elastic-job-lite,0,0,0,0,0,0,0,0,0,3,0,2,0.001,6,4,0,1,1,1,1,1,1,1,0
elastic-job-lite,0,0,0,0,0,0,0,0,0,6,0,8,0,13,5,0,1,1,1,1,1,1,1,4
elastic-job-lite,0,0,0,0,0,0,0,0,0,3,0,2,0.001,6,4,0,1,1,1,1,1,1,1,0
elastic-job-lite,0,1,0,0,0,1,0,0,0,12,7,9,0.091,22,9,0,1,1,1,1,1,1,1,4
elastic-job-lite,0,1,0,0,0,1,0,0,0,10,6,8,0.002,17,7,0,1,1,1,1,1,1,1,3
elastic-job-lite,0,0,0,0,0,1,0,0,0,4,1,2,0.001,11,7,0,1,1,1,1,1,1,1,1
elastic-job-lite,0,0,0,1,0,1,0,0,0,4,1,2,0.001,11,7,0,1,1,1,1,1,1,1,0
elastic-job-lite,0,0,0,1,0,1,0,0,0,4,1,2,0,11,7,0,1,1,1,1,1,1,1,0
elastic-job-lite,0,0,0,0,0,0,0,0,0,3,1,0,0.035,3,2,0,1,1,1,1,1,1,1,0
elastic-job-lite,0,0,0,1,0,0,0,0,0,4,1,2,0.002,8,6,0,1,1,1,1,1,1,1,1
elastic-job-lite,0,0,0,0,0,0,0,0,0,3,1,1,0.002,6,5,0,1,1,1,1,1,1,1,1
elastic-job-lite,0,0,0,0,0,0,0,0,0,4,1,2,0,5,3,0,1,1,1,1,1,1,1,2
elastic-job-lite,0,0,0,1,0,0,0,0,0,4,1,2,0.015,8,6,0,1,1,1,1,1,1,1,1
elastic-job-lite,0,1,0,0,0,1,0,0,0,5,2,3,0.196,6,3,0,1,1,1,1,1,1,1,2
elastic-job-lite,0,1,0,0,0,1,0,0,0,5,2,3,0.002,5,2,0,1,1,1,1,1,1,1,1
elastic-job-lite,0,1,0,0,0,1,0,0,0,5,2,3,0,6,3,0,1,1,1,1,1,1,1,2
elastic-job-lite,0,1,0,0,0,1,0,0,0,5,2,3,0.001,5,2,0,1,1,1,1,1,1,1,1
elastic-job-lite,0,1,0,0,0,0,0,0,0,8,5,6,0.014,10,4,0,1,1,1,1,1,1,1,6
elastic-job-lite,0,0,0,0,0,0,0,0,0,4,1,2,0.077,5,3,0,1,1,1,1,1,1,1,2
elastic-job-lite,0,1,0,0,0,0,0,0,0,6,2,5,0.002,7,3,0,1,1,1,1,1,1,1,1
elastic-job-lite,0,1,0,0,0,0,0,0,0,6,2,4,0.001,7,3,0,1,1,1,1,1,1,1,3
elastic-job-lite,0,1,0,0,0,0,0,0,0,8,5,6,0.029,13,6,0,1,1,1,1,1,1,1,5
elastic-job-lite,0,0,0,0,0,0,0,0,0,9,0,0,0.503,13,8,0,1,1,1,1,1,1,1,0
elastic-job-lite,0,0,0,0,0,0,0,0,0,7,0,2,0.919,10,5,0,1,1,1,1,1,1,1,2
elastic-job-lite,0,0,0,0,0,0,0,0,0,4,0,2,0.079,9,6,0,1,1,1,1,1,1,1,1
elastic-job-lite,0,1,0,1,0,0,0,0,0,7,3,5,0.05,14,5,0,1,1,1,1,1,1,1,1
elastic-job-lite,0,1,0,0,0,0,0,0,0,6,2,4,0.001,7,3,0,1,1,1,1,1,1,1,0
elastic-job-lite,0,1,0,0,0,1,0,0,0,11,8,9,0.135,15,5,0,1,1,1,1,1,1,1,4
elastic-job-lite,0,0,0,0,0,0,0,0,0,3,0,1,0.016,6,6,0,1,1,1,1,1,1,1,0
elastic-job-lite,0,0,0,0,0,0,0,0,0,8,1,7,3.363,15,7,0,1,1,1,1,1,1,1,5
elastic-job-lite,0,0,0,0,0,0,0,0,0,8,1,6,0.014,9,3,0,1,1,1,1,1,1,1,5
elastic-job-lite,0,0,0,0,0,0,0,0,0,3,1,1,0.051,3,2,0,1,1,1,1,1,1,1,1
elastic-job-lite,0,0,0,0,0,1,0,0,0,5,0,3,0.057,30,11,0,1,1,1,1,1,1,1,2
elastic-job-lite,0,0,0,0,0,1,0,0,0,6,0,4,2.963,18,12,0,1,1,1,1,1,1,1,2
elastic-job-lite,0,1,0,0,0,0,0,0,1,7,2,5,0.025,18,8,0,1,1,1,1,1,1,1,2
elastic-job-lite,0,1,0,0,0,0,0,0,1,5,2,3,0.002,16,8,0,1,1,1,1,1,1,1,2
elastic-job-lite,0,1,0,0,0,0,0,0,1,9,5,7,0.017,17,8,0,1,1,1,1,1,1,1,5
elastic-job-lite,0,1,0,0,0,0,0,0,1,12,4,10,0.022,23,8,0,1,1,1,1,1,1,1,4
elastic-job-lite,0,1,0,0,0,0,0,0,1,14,8,12,0.088,25,8,0,1,1,1,1,1,1,1,8
elastic-job-lite,0,1,0,0,0,0,0,0,1,10,6,8,0.032,19,8,0,1,1,1,1,1,1,1,6
elastic-job-lite,1,1,0,0,0,0,0,0,1,19,10,17,0.085,30,8,0,1,1,1,1,1,1,1,10
elastic-job-lite,0,1,0,0,0,0,0,0,1,7,2,5,0.011,16,8,0,1,1,1,1,1,1,1,2
elastic-job-lite,0,1,0,0,0,0,0,0,1,5,2,3,0.004,14,8,0,1,1,1,1,1,1,1,2
elastic-job-lite,0,1,0,0,0,0,0,0,1,9,5,7,0.03,17,8,0,1,1,1,1,1,1,1,5
elastic-job-lite,0,1,0,0,0,0,0,0,1,7,2,7,0.144,26,14,0,1,1,1,1,1,1,1,2
elastic-job-lite,0,1,0,0,0,0,0,0,1,14,8,12,0.031,23,8,0,1,1,1,1,1,1,1,8
elastic-job-lite,0,1,0,0,0,0,0,0,1,10,6,8,0.019,18,8,0,1,1,1,1,1,1,1,6
elastic-job-lite,1,1,0,0,0,0,0,0,1,19,10,17,0.053,28,8,0,1,1,1,1,1,1,1,10
elastic-job-lite,0,0,0,0,0,0,0,0,0,3,1,1,0.014,23,6,0,1,1,1,1,1,1,1,0
elastic-job-lite,0,0,0,0,0,0,0,0,0,4,1,1,0.062,12,8,0,1,1,1,1,1,1,1,0
elastic-job-lite,0,1,0,1,0,0,0,0,0,14,2,8,0.025,30,8,0,1,1,1,1,1,1,1,2
elastic-job-lite,0,1,0,1,0,0,0,0,0,8,2,5,0.075,29,8,0,1,1,1,1,1,1,1,2
elastic-job-lite,0,0,0,0,0,0,0,0,0,3,0,1,0.035,23,6,0,1,1,1,1,1,1,1,0
elastic-job-lite,0,1,0,0,0,1,0,0,0,8,4,6,0.062,20,8,0,1,1,1,1,1,1,1,1
elastic-job-lite,0,1,0,0,0,1,0,0,0,7,3,5,0.022,19,8,0,1,1,1,1,1,1,1,1
elastic-job-lite,0,1,0,0,0,1,0,0,0,11,3,7,0.022,22,8,0,1,1,1,1,1,1,1,1
elastic-job-lite,0,1,0,0,0,1,0,0,0,6,2,4,0.033,21,6,0,1,1,1,1,1,1,1,0
elastic-job-lite,0,1,0,0,0,1,0,0,0,6,2,4,3.062,12,7,0,1,1,1,1,1,1,1,0
elastic-job-lite,0,0,0,0,0,0,0,0,0,3,1,1,0.001,7,2,0,1,1,1,1,1,1,1,0
elastic-job-lite,0,0,0,0,0,0,0,0,0,3,1,1,0.017,7,2,0,1,1,1,1,1,1,1,0
elastic-job-lite,0,0,0,0,0,0,0,0,0,3,1,1,0.035,3,2,0,1,1,1,1,1,1,1,1
elastic-job-lite,0,0,0,0,0,0,0,0,0,3,1,2,0.031,4,2,0,1,1,1,1,1,1,1,1
elastic-job-lite,0,0,0,0,0,0,0,0,0,3,1,1,0.034,3,2,0,1,1,1,1,1,1,1,1
elastic-job-lite,0,0,0,0,0,0,0,0,0,3,1,1,0.039,4,2,0,1,1,1,1,1,1,1,1
elastic-job-lite,0,0,0,0,0,0,0,0,0,3,1,1,0.049,4,2,0,1,1,1,1,1,1,1,1
elastic-job-lite,0,0,0,0,0,0,0,0,0,3,1,1,0.029,3,2,0,1,1,1,1,1,1,1,1
elastic-job-lite,0,0,0,0,0,0,0,0,0,3,1,2,0.039,4,2,0,1,1,1,1,1,1,1,1
elastic-job-lite,0,1,0,0,1,0,0,0,0,13,2,10,0.609,15,5,0,1,1,1,1,1,1,1,2
elastic-job-lite,0,0,0,0,1,0,0,0,0,4,1,2,0.141,6,4,0,1,1,1,1,1,1,1,1
elastic-job-lite,0,0,0,1,1,0,0,0,0,5,1,4,0.006,7,4,0,1,1,1,1,1,1,1,1
elastic-job-lite,0,0,0,0,0,1,0,0,0,4,0,2,0.934,4,2,0,1,1,1,1,1,1,1,2
elastic-job-lite,0,1,0,0,0,0,0,0,0,5,2,3,0.005,7,3,0,1,1,1,1,1,1,1,4
elastic-job-lite,0,0,0,1,0,0,0,0,0,5,1,3,0.002,7,3,0,1,1,1,1,1,1,1,2
elastic-job-lite,0,0,0,0,0,1,0,0,0,3,1,1,0.001,3,2,0,1,1,1,1,1,1,1,0
elastic-job-lite,0,0,0,0,0,1,0,0,0,3,1,1,0.028,4,2,0,1,1,1,1,1,1,1,2
elastic-job-lite,0,0,0,0,0,1,0,0,0,3,1,2,0.266,8,5,0,1,1,1,1,1,1,1,3
elastic-job-lite,0,0,0,0,0,0,0,0,0,5,1,1,0.001,4,3,0,1,1,1,1,1,1,1,1
elastic-job-lite,0,0,0,0,0,0,0,0,0,5,1,1,0.031,4,3,0,1,1,1,1,1,1,1,1
elastic-job-lite,0,0,0,0,0,0,0,0,0,5,1,1,0,4,3,0,1,1,1,1,1,1,1,1
elastic-job-lite,0,0,0,0,1,1,0,0,0,4,1,4,1.148,22,16,0,1,1,1,1,1,1,1,3
elastic-job-lite,0,0,0,0,0,1,0,0,0,4,1,2,0.004,22,13,0,1,1,1,1,1,1,1,3
elastic-job-lite,0,0,0,0,0,1,0,0,0,4,1,2,0.003,23,14,0,1,1,1,1,1,1,1,3
elastic-job-lite,0,0,0,0,0,1,0,0,0,6,1,4,0.01,25,14,0,1,1,1,1,1,1,1,2
elastic-job-lite,0,0,0,0,0,0,0,0,0,3,0,0,0.037,4,4,0,1,1,1,1,1,1,1,0
elastic-job-lite,0,0,0,0,0,1,0,0,0,15,0,6,0.01,44,22,0,1,1,1,1,1,1,1,4
elastic-job-lite,0,0,0,0,0,1,0,0,0,14,0,6,0.027,44,22,0,1,1,1,1,1,1,1,4
elastic-job-lite,0,0,0,0,0,1,0,0,0,14,0,6,1.423,48,26,0,1,1,1,1,1,1,1,4
elastic-job-lite,0,0,0,0,0,1,0,0,0,12,0,7,0.016,40,20,0,1,1,1,1,1,1,1,4
elastic-job-lite,0,0,0,0,0,1,0,0,0,9,0,4,0.018,35,19,0,1,1,1,1,1,1,1,4
elastic-job-lite,0,0,0,0,0,1,0,0,0,13,0,6,0.027,44,22,0,1,1,1,1,1,1,1,4
elastic-job-lite,0,0,0,0,0,1,0,0,0,7,0,4,0.01,41,21,0,1,1,1,1,1,1,1,4
elastic-job-lite,0,0,0,0,0,1,0,0,0,9,0,6,0.043,38,20,0,1,1,1,1,1,1,1,4
elastic-job-lite,0,0,0,0,0,1,0,0,0,3,0,12,0.02,48,23,0,1,1,1,1,1,1,1,8
elastic-job-lite,0,0,0,0,0,1,0,0,0,3,0,13,0.053,46,22,0,1,1,1,1,1,1,1,9
elastic-job-lite,0,0,0,0,0,1,0,0,0,6,0,11,0.03,41,22,0,1,1,1,1,1,1,1,5
elastic-job-lite,0,0,0,0,0,1,0,0,0,3,0,12,1.457,53,28,0,1,1,1,1,1,1,1,8
elastic-job-lite,0,0,0,0,0,1,0,0,0,3,0,11,0.022,44,23,0,1,1,1,1,1,1,1,8
elastic-job-lite,0,0,0,0,0,1,0,0,0,12,0,5,0.021,47,20,0,1,1,1,1,1,1,1,4
elastic-job-lite,0,0,0,0,0,1,0,0,0,11,0,7,0,32,16,0,1,1,1,1,1,1,1,4
elastic-job-lite,0,0,0,0,0,1,0,0,0,9,0,1,0.002,20,14,0,1,1,1,1,1,1,1,2
elastic-job-lite,0,0,0,0,0,1,0,0,0,13,0,13,0.002,35,14,0,1,1,1,1,1,1,1,9
elastic-job-lite,0,0,0,0,0,1,0,0,0,3,0,2,0.019,59,23,0,1,1,1,1,1,1,1,2
elastic-job-lite,0,0,0,0,0,1,0,0,0,3,0,2,0.002,58,22,0,1,1,1,1,1,1,1,2
elastic-job-lite,0,0,0,0,0,1,0,0,0,3,0,8,0.012,54,20,0,1,1,1,1,1,1,1,4
elastic-job-lite,0,0,0,0,0,1,0,0,0,3,0,7,0.009,50,19,0,1,1,1,1,1,1,1,4
elastic-job-lite,0,0,0,0,0,1,0,0,0,15,0,13,0.041,53,19,0,1,1,1,1,1,1,1,14
elastic-job-lite,0,0,0,0,0,1,0,0,0,8,0,9,1.277,52,24,0,1,1,1,1,1,1,1,6
elastic-job-lite,0,0,0,0,0,1,0,0,0,9,0,9,0.05,55,20,0,1,1,1,1,1,1,1,8
elastic-job-lite,0,0,0,0,0,1,0,0,0,11,0,10,0.02,32,15,0,1,1,1,1,1,1,1,7
elastic-job-lite,0,1,0,0,0,1,0,0,0,8,2,4,0.046,25,15,0,1,1,1,1,1,1,1,6
elastic-job-lite,0,0,0,0,0,1,0,0,0,10,0,8,1.123,49,25,0,1,1,1,1,1,1,1,4
elastic-job-lite,0,0,0,0,0,1,0,0,0,7,0,4,0.006,41,20,0,1,1,1,1,1,1,1,2
elastic-job-lite,0,0,0,0,0,0,0,0,0,3,1,1,0.005,4,3,0,1,1,1,1,1,1,1,0
elastic-job-lite,0,0,0,0,0,1,0,0,0,6,0,8,0.026,42,18,0,1,1,1,1,1,1,1,5
elastic-job-lite,0,0,0,0,0,1,0,0,0,4,0,6,0.002,42,18,0,1,1,1,1,1,1,1,2
elastic-job-lite,0,0,0,0,0,1,0,0,0,9,0,6,0.02,45,19,0,1,1,1,1,1,1,1,4
elastic-job-lite,0,1,0,0,0,1,0,0,0,7,3,9,4.893,48,18,0,1,1,1,1,1,1,1,5
elastic-job-lite,0,1,0,0,0,1,0,0,0,7,3,9,0.004,45,18,0,1,1,1,1,1,1,1,5
elastic-job-lite,0,1,0,0,0,1,0,0,0,8,3,10,0.02,47,18,0,1,1,1,1,1,1,1,7
elastic-job-lite,0,0,0,0,0,1,0,0,0,7,0,9,0.02,49,19,0,1,1,1,1,1,1,1,5
elastic-job-lite,0,0,0,0,0,1,0,0,0,10,0,7,0.028,46,20,0,1,1,1,1,1,1,1,4
elastic-job-lite,0,0,0,0,0,1,0,0,0,5,0,6,0.086,44,17,0,1,1,1,1,1,1,1,1
elastic-job-lite,0,1,0,0,0,1,0,0,0,25,20,22,0.015,55,13,0,1,1,1,1,1,1,1,14
elastic-job-lite,0,1,0,0,0,0,0,0,0,25,20,6,0.641,46,13,0,1,1,1,1,1,1,1,6
elastic-job-lite,0,1,0,0,0,1,0,0,0,23,19,21,0.017,53,13,0,1,1,1,1,1,1,1,14
elastic-job-lite,0,0,0,0,0,1,0,0,0,5,1,3,0.013,40,12,0,1,1,1,1,1,1,1,1
elastic-job-lite,0,0,0,0,0,1,0,0,0,4,1,3,0.003,38,12,0,1,1,1,1,1,1,1,1
elastic-job-lite,0,0,0,0,0,1,0,0,0,6,1,3,0.001,38,12,0,1,1,1,1,1,1,1,1
elastic-job-lite,0,0,0,0,0,1,0,0,0,7,0,8,0.421,59,23,0,1,1,1,1,1,1,1,2
elastic-job-lite,0,0,0,0,0,1,0,0,0,4,0,3,0.005,16,10,0,1,1,1,1,1,1,1,3
elastic-job-lite,0,0,0,0,0,1,0,0,0,4,0,5,7.249,20,10,0,1,1,1,1,1,1,1,3
elastic-job-lite,0,0,0,0,0,1,0,0,0,4,0,3,0.009,15,9,0,1,1,1,1,1,1,1,3
elastic-job-lite,0,0,0,0,0,1,0,0,0,4,0,2,0.032,12,8,0,1,1,1,1,1,1,1,2
elastic-job-lite,0,0,0,0,0,1,0,0,0,4,0,8,0.007,31,13,0,1,1,1,1,1,1,1,3
elastic-job-lite,0,0,0,0,0,1,0,0,0,4,0,8,0.005,28,13,0,1,1,1,1,1,1,1,3
elastic-job-lite,0,0,0,0,0,1,0,0,0,5,0,9,0.049,27,13,0,1,1,1,1,1,1,1,4
elastic-job-lite,0,0,0,0,0,1,0,0,0,4,0,8,0.007,28,13,0,1,1,1,1,1,1,1,3
elastic-job-lite,0,0,0,0,0,1,0,0,0,7,0,11,0.025,28,13,0,1,1,1,1,1,1,1,4
elastic-job-lite,0,0,0,0,0,1,0,0,0,5,0,9,0.006,29,13,0,1,1,1,1,1,1,1,5
elastic-job-lite,0,0,0,0,0,1,0,0,0,4,0,8,0.01,28,13,0,1,1,1,1,1,1,1,3
elastic-job-lite,0,0,0,0,0,1,0,0,0,4,0,8,6.705,32,14,0,1,1,1,1,1,1,1,3
elastic-job-lite,0,0,0,0,0,1,0,0,0,5,0,9,0.03,29,13,0,1,1,1,1,1,1,1,5
elastic-job-lite,0,0,0,0,0,1,0,0,0,6,0,10,0.01,28,13,0,1,1,1,1,1,1,1,2
elastic-job-lite,0,0,0,0,0,1,0,0,0,4,0,6,0.027,24,14,0,1,1,1,1,1,1,1,4
elastic-job-lite,0,0,0,0,0,0,0,0,0,3,1,1,0.014,4,3,0,1,1,1,1,1,1,1,0
elastic-job-lite,0,0,0,0,0,0,0,0,0,3,1,1,0.004,4,3,0,1,1,1,1,1,1,1,0
elastic-job-lite,0,0,0,0,0,1,0,0,0,4,0,3,0.003,17,9,0,1,1,1,1,1,1,1,3
elastic-job-lite,0,0,0,0,0,1,0,0,0,5,0,3,0.004,16,9,0,1,1,1,1,1,1,1,4
elastic-job-lite,0,0,0,0,0,1,0,0,0,4,0,2,0.051,15,9,0,1,1,1,1,1,1,1,1
elastic-job-lite,0,0,0,0,0,1,0,0,0,4,1,2,0.013,14,8,0,1,1,1,1,1,1,1,2
elastic-job-lite,0,0,0,0,0,1,0,0,0,6,1,5,7.591,21,8,0,1,1,1,1,1,1,1,2
elastic-job-lite,0,0,0,0,0,1,0,0,0,10,1,8,0.113,23,10,0,1,1,1,1,1,1,1,11
elastic-job-lite,0,0,0,0,0,1,0,0,0,8,1,6,0.005,18,8,0,1,1,1,1,1,1,1,8
elastic-job-lite,0,0,0,0,0,1,0,0,0,5,1,3,0.016,15,8,0,1,1,1,1,1,1,1,6
elastic-job-lite,0,0,0,0,0,1,0,0,0,5,1,3,0.006,15,8,0,1,1,1,1,1,1,1,6
elastic-job-lite,0,0,0,0,0,1,0,0,0,4,0,2,0.001,14,8,0,1,1,1,1,1,1,1,1
elastic-job-lite,0,0,0,0,0,1,0,0,0,4,0,18,0.003,83,31,0,1,1,1,1,1,1,1,11
elastic-job-lite,0,0,0,0,0,1,0,0,0,4,0,18,0.4,85,31,0,1,1,1,1,1,1,1,12
elastic-job-lite,0,0,0,0,0,1,0,0,0,4,0,9,4.797,39,18,0,1,1,1,1,1,1,1,2
elastic-job-lite,0,0,0,0,0,1,0,0,0,4,0,12,0.011,51,19,0,1,1,1,1,1,1,1,2
elastic-job-lite,0,0,0,0,0,1,0,0,0,4,0,9,0.002,47,18,0,1,1,1,1,1,1,1,2
elastic-job-lite,0,0,0,0,0,1,0,0,0,6,0,10,0.008,56,24,0,1,1,1,1,1,1,1,4
elastic-job-lite,0,0,0,0,0,1,0,0,0,6,0,11,0.003,57,24,0,1,1,1,1,1,1,1,4
elastic-job-lite,0,0,0,0,0,1,0,0,0,11,0,15,0.005,74,26,0,1,1,1,1,1,1,1,8
elastic-job-lite,0,0,0,0,0,1,0,0,0,11,0,16,0.206,77,28,0,1,1,1,1,1,1,1,8
elastic-job-lite,0,0,0,0,0,1,0,0,0,8,0,12,0.012,66,26,0,1,1,1,1,1,1,1,4
elastic-job-lite,0,0,0,0,0,1,0,0,0,4,0,14,0.009,46,19,0,1,1,1,1,1,1,1,3
elastic-job-lite,0,0,0,0,0,0,0,0,0,3,1,1,0.001,4,3,0,1,1,1,1,1,1,1,1
elastic-job-lite,0,0,0,0,0,0,0,0,0,3,1,1,0.004,4,3,0,1,1,1,1,1,1,1,1
elastic-job-lite,0,0,0,0,0,0,0,0,0,3,1,1,0.031,4,3,0,1,1,1,1,1,1,1,1
elastic-job-lite,0,0,0,0,0,0,0,0,0,3,1,1,0.013,4,3,0,1,1,1,1,1,1,1,0
elastic-job-lite,0,0,0,0,0,1,0,0,0,10,0,20,0.013,46,16,0,1,1,1,1,1,1,1,9
elastic-job-lite,0,0,0,0,0,1,0,0,0,8,0,20,0.007,43,15,0,1,1,1,1,1,1,1,10
elastic-job-lite,0,0,0,0,0,1,0,0,0,6,0,18,0.012,41,15,0,1,1,1,1,1,1,1,7
elastic-job-lite,0,0,0,0,0,1,0,0,0,9,0,19,0.019,44,15,0,1,1,1,1,1,1,1,10
elastic-job-lite,0,0,0,0,0,1,0,0,0,14,0,24,0.032,58,17,0,1,1,1,1,1,1,1,10
elastic-job-lite,0,0,0,0,0,1,0,0,0,9,0,19,0.032,46,16,0,1,1,1,1,1,1,1,5
elastic-job-lite,0,0,0,0,0,1,0,0,0,16,1,29,0.021,66,16,0,1,1,1,1,1,1,1,18
elastic-job-lite,0,0,0,0,0,1,0,0,0,16,1,26,0.016,51,16,0,1,1,1,1,1,1,1,18
elastic-job-lite,0,0,0,0,0,1,0,0,0,4,1,15,0.007,39,15,0,1,1,1,1,1,1,1,3
elastic-job-lite,0,0,0,0,0,1,0,0,0,11,1,23,0.037,52,16,0,1,1,1,1,1,1,1,13
elastic-job-lite,0,0,0,0,0,1,0,0,0,8,0,20,0.04,46,16,0,1,1,1,1,1,1,1,6
elastic-job-lite,0,0,0,0,0,1,0,0,0,6,0,18,0.025,41,16,0,1,1,1,1,1,1,1,4
elastic-job-lite,0,0,0,0,0,1,0,0,0,6,0,18,0.003,41,16,0,1,1,1,1,1,1,1,5
elastic-job-lite,0,0,0,0,0,1,0,0,0,5,0,7,6.384,36,16,0,1,1,1,1,1,1,1,2
elastic-job-lite,0,0,0,0,0,1,0,0,0,4,0,5,0.002,14,8,0,1,1,1,1,1,1,1,2
elastic-job-lite,0,0,0,0,0,1,0,0,0,4,0,6,0.009,15,8,0,1,1,1,1,1,1,1,4
elastic-job-lite,0,0,0,0,0,1,0,0,0,4,0,5,0.004,18,8,0,1,1,1,1,1,1,1,1
elastic-job-lite,0,0,0,0,0,1,0,0,0,4,0,6,0.039,16,9,0,1,1,1,1,1,1,1,5
elastic-job-lite,0,0,0,0,0,1,0,0,0,4,0,5,0.002,15,8,0,1,1,1,1,1,1,1,4
elastic-job-lite,0,0,0,0,0,1,0,0,0,4,0,4,5.819,14,8,0,1,1,1,1,1,1,1,2
elastic-job-lite,0,0,0,0,0,1,0,0,0,4,0,4,0.009,18,8,0,1,1,1,1,1,1,1,1
elastic-job-lite,0,0,0,0,0,0,0,0,0,3,1,1,0,4,3,0,1,1,1,1,1,1,1,1
elastic-job-lite,0,0,0,0,0,0,0,0,0,3,1,2,0.085,4,3,0,1,1,1,1,1,1,1,3
elastic-job-lite,0,0,0,0,0,0,0,0,0,3,1,1,0.003,4,3,0,1,1,1,1,1,1,1,0
elastic-job-lite,0,0,0,0,0,0,0,0,0,3,1,1,0.004,4,3,0,1,1,1,1,1,1,1,0
elastic-job-lite,0,0,0,0,0,0,0,0,0,3,1,1,0.023,4,3,0,1,1,1,1,1,1,1,0
elastic-job-lite,0,0,0,0,0,0,0,0,0,3,1,1,0.004,4,3,0,1,1,1,1,1,1,1,0
elastic-job-lite,0,0,0,0,0,1,0,0,0,4,0,2,0.002,12,6,0,1,1,1,1,1,1,1,1
elastic-job-lite,0,0,0,0,0,1,0,0,0,4,0,2,0.005,12,6,0,1,1,1,1,1,1,1,1
elastic-job-lite,0,0,0,0,0,1,0,0,0,7,1,4,0.011,23,12,0,1,1,1,1,1,1,1,6
elastic-job-lite,0,0,0,0,0,1,0,0,0,7,1,6,0.055,26,14,0,1,1,1,1,1,1,1,6
elastic-job-lite,0,0,0,0,0,1,0,0,0,7,1,4,0.001,23,12,0,1,1,1,1,1,1,1,6
elastic-job-lite,0,0,0,0,0,1,0,0,0,4,1,2,0,12,6,0,1,1,1,1,1,1,1,2
elastic-job-lite,0,0,0,0,0,1,0,0,0,7,1,5,0.006,23,12,0,1,1,1,1,1,1,1,6
elastic-job-lite,0,0,0,0,0,1,0,0,0,4,1,3,0.001,12,6,0,1,1,1,1,1,1,1,2
elastic-job-lite,0,0,0,0,0,1,0,0,0,5,0,3,4.65,16,7,0,1,1,1,1,1,1,1,2
elastic-job-lite,0,0,0,0,0,1,0,0,0,5,0,4,0.007,16,7,0,1,1,1,1,1,1,1,2
elastic-job-lite,0,0,0,0,0,0,0,0,1,3,1,3,0.025,4,3,0,1,1,1,1,1,1,1,1
elastic-job-lite,0,0,0,0,0,0,0,0,1,3,1,2,0,5,4,0,1,1,1,1,1,1,1,1
elastic-job-lite,0,0,0,0,0,0,0,0,1,3,1,2,0,4,3,0,1,1,1,1,1,1,1,0
elastic-job-lite,0,0,0,0,0,0,0,0,1,3,1,2,0.025,11,5,0,1,1,1,1,1,1,1,0
elastic-job-lite,0,0,0,0,0,0,0,0,1,3,1,2,0.004,4,3,0,1,1,1,1,1,1,1,0
elastic-job-lite,0,0,0,0,0,0,0,0,1,3,1,3,0.001,6,5,0,1,1,1,1,1,1,1,0
elastic-job-lite,0,0,0,0,0,1,0,0,0,4,0,3,0.008,16,9,0,1,1,1,1,1,1,1,0
elastic-job-lite,0,0,0,0,0,1,0,0,0,5,1,3,0.051,23,9,0,1,1,1,1,1,1,1,5
elastic-job-lite,0,0,0,0,0,1,0,0,0,4,1,2,0.009,15,9,0,1,1,1,1,1,1,1,2
elastic-job-lite,0,0,0,0,0,1,0,0,0,4,0,3,0.003,15,9,0,1,1,1,1,1,1,1,1
elastic-job-lite,0,0,0,0,0,1,0,0,0,4,0,2,4.513,20,9,0,1,1,1,1,1,1,1,1
elastic-job-lite,0,0,0,0,0,1,0,0,0,6,0,37,0.003,62,21,0,1,1,1,1,1,1,1,2
elastic-job-lite,0,0,0,0,0,1,0,0,0,4,0,25,8.171,53,21,0,1,1,1,1,1,1,1,2
elastic-job-lite,0,0,0,0,0,1,0,0,0,5,0,35,0.025,61,21,0,1,1,1,1,1,1,1,1
elastic-job-lite,0,0,0,0,0,1,0,0,0,6,0,37,0.004,64,21,0,1,1,1,1,1,1,1,4
elastic-job-lite,0,0,0,0,0,1,0,0,0,6,0,36,0.021,62,21,0,1,1,1,1,1,1,1,4
elastic-job-lite,0,0,0,0,0,1,0,0,0,4,0,29,0.018,57,21,0,1,1,1,1,1,1,1,2
elastic-job-lite,0,0,0,0,0,1,0,0,0,6,0,37,0.037,62,21,0,1,1,1,1,1,1,1,2
elastic-job-lite,0,0,0,0,0,1,0,0,0,4,0,9,0.002,26,13,0,1,1,1,1,1,1,1,2
elastic-job-lite,0,0,0,0,0,1,0,0,0,4,0,10,0.012,27,13,0,1,1,1,1,1,1,1,2
elastic-job-lite,0,0,0,0,0,1,0,0,0,4,0,9,6.46,32,14,0,1,1,1,1,1,1,1,2
elastic-job-lite,0,0,0,0,0,1,0,0,0,4,0,6,0.006,23,13,0,1,1,1,1,1,1,1,2
elastic-job-lite,0,0,0,0,0,1,0,0,0,7,0,13,0.002,33,13,0,1,1,1,1,1,1,1,2
elastic-job-lite,0,0,0,0,0,1,0,0,0,9,0,14,0.045,32,13,0,1,1,1,1,1,1,1,3
elastic-job-lite,0,0,0,0,0,1,0,0,0,5,0,10,0.011,28,13,0,1,1,1,1,1,1,1,3
elastic-job-lite,0,0,0,0,0,1,0,0,0,5,0,4,0.028,8,3,0,1,1,1,1,1,1,1,4
elastic-job-lite,0,0,0,0,0,1,0,0,0,5,0,3,0.101,8,3,0,1,1,1,1,1,1,1,5
elastic-job-lite,0,0,0,0,0,1,0,0,0,11,0,43,5.892,97,30,0,1,1,1,1,1,1,1,8
elastic-job-lite,0,0,0,0,0,1,0,0,0,6,0,11,7.795,39,15,0,1,1,1,1,1,1,1,1
elastic-job-lite,0,0,0,0,0,1,0,0,0,5,0,12,0.009,39,15,0,1,1,1,1,1,1,1,4
elastic-job-lite,0,0,0,0,0,1,0,0,0,7,0,13,0.012,42,15,0,1,1,1,1,1,1,1,4
elastic-job-lite,0,0,0,0,0,1,0,0,0,10,0,19,0.034,49,15,0,1,1,1,1,1,1,1,7
elastic-job-lite,0,0,0,0,0,1,0,0,0,7,0,14,0.012,42,15,0,1,1,1,1,1,1,1,8
elastic-job-lite,0,0,0,0,0,0,0,0,0,3,0,1,0.074,124,51,0,1,1,1,1,1,1,1,0
elastic-job-lite,0,1,0,0,0,1,0,0,0,5,2,8,1.669,200,81,0,1,1,1,1,1,1,1,1
elastic-job-lite,0,0,0,0,0,1,0,0,0,12,0,12,5.575,53,23,0,1,1,1,1,1,1,1,12
elastic-job-lite,0,0,0,1,0,0,0,0,0,4,1,2,0,4,2,0,1,1,1,1,1,1,1,1
elastic-job-lite,0,0,0,1,0,0,0,0,0,3,1,1,0,4,2,0,1,1,1,1,1,1,1,1
elastic-job-lite,0,0,0,1,0,0,0,0,0,4,1,3,0.033,10,3,0,1,1,1,1,1,1,1,1
elastic-job-lite,0,0,0,1,0,0,0,0,0,6,1,4,0.002,6,2,0,1,1,1,1,1,1,1,3
elastic-job-lite,0,0,0,1,0,0,0,0,0,4,1,2,0,4,2,0,1,1,1,1,1,1,1,0
elastic-job-lite,0,0,0,1,0,0,0,0,0,3,1,1,0.008,4,2,0,1,1,1,1,1,1,1,0
elastic-job-lite,0,0,0,1,0,0,0,0,0,7,1,5,6.219,8,3,0,1,1,1,1,1,1,1,2
elastic-job-lite,0,0,0,1,0,0,0,0,0,6,1,4,0.01,6,2,0,1,1,1,1,1,1,1,2
elastic-job-lite,0,0,0,1,0,0,0,0,0,3,1,1,0,3,2,0,1,1,1,1,1,1,1,0
elastic-job-lite,0,0,0,1,0,0,0,0,0,6,1,4,0.001,6,2,0,1,1,1,1,1,1,1,3
elastic-job-lite,0,0,0,1,0,1,0,0,0,8,0,6,0.044,14,2,0,1,1,1,1,1,1,1,4
elastic-job-lite,0,0,0,0,0,0,0,0,0,9,0,2,0.003,6,3,0,1,1,1,1,1,1,1,4
elastic-job-lite,0,0,0,0,0,0,0,0,0,5,1,3,0.002,5,2,0,1,1,1,1,1,1,1,4
elastic-job-lite,0,0,0,0,0,0,0,0,0,5,1,3,0.002,5,2,0,1,1,1,1,1,1,1,4
elastic-job-lite,0,0,0,0,0,0,0,0,0,5,1,3,0.003,5,2,0,1,1,1,1,1,1,1,4
elastic-job-lite,0,0,0,0,0,0,0,0,0,9,0,2,6.241,6,3,0,1,1,1,1,1,1,1,4
elastic-job-lite,0,0,0,0,0,0,0,0,0,6,0,4,0.003,6,2,0,1,1,1,1,1,1,1,7
elastic-job-lite,0,0,0,0,0,0,0,0,0,5,0,3,0.004,5,2,0,1,1,1,1,1,1,1,3
elastic-job-lite,0,0,0,0,0,0,0,0,0,10,0,3,0.015,7,3,0,1,1,1,1,1,1,1,11
elastic-job-lite,0,0,0,0,0,0,0,0,0,6,0,4,0.008,6,2,0,1,1,1,1,1,1,1,10
elastic-job-lite,0,0,0,0,0,0,0,0,0,6,0,4,0.123,6,2,0,1,1,1,1,1,1,1,10
elastic-job-lite,0,0,0,0,0,0,0,0,0,5,0,3,0.001,5,2,0,1,1,1,1,1,1,1,7
elastic-job-lite,0,0,0,0,0,0,0,0,0,9,0,2,0,6,3,0,1,1,1,1,1,1,1,4
elastic-job-lite,0,0,0,0,0,0,0,0,0,6,0,4,0.002,6,2,0,1,1,1,1,1,1,1,7
elastic-job-lite,0,0,0,0,0,0,0,0,0,5,0,3,0.017,5,2,0,1,1,1,1,1,1,1,3
elastic-job-lite,0,0,0,0,0,0,0,0,0,9,0,2,0.001,6,3,0,1,1,1,1,1,1,1,4
elastic-job-lite,0,0,0,0,0,0,0,0,0,6,0,4,0.001,6,2,0,1,1,1,1,1,1,1,7
elastic-job-lite,0,0,0,0,0,0,0,0,0,5,0,3,0.001,5,2,0,1,1,1,1,1,1,1,3
elastic-job-lite,0,0,0,0,0,0,0,0,0,13,0,5,0.003,10,3,0,1,1,1,1,1,1,1,8
elastic-job-lite,0,0,0,0,0,0,0,0,0,10,0,8,0.026,10,2,0,1,1,1,1,1,1,1,14
elastic-job-lite,0,0,0,0,0,0,0,0,0,9,0,7,0.017,9,2,0,1,1,1,1,1,1,1,9
elastic-job-lite,0,0,0,0,0,0,0,0,0,3,1,1,7.155,4,3,0,1,1,1,1,1,1,1,1
elastic-job-lite,0,0,0,0,0,1,0,0,0,6,0,4,0.019,6,2,0,1,1,1,1,1,1,1,6
elastic-job-lite,0,0,0,0,0,1,0,0,0,5,0,3,0.097,5,2,0,1,1,1,1,1,1,1,4
elastic-job-lite,0,0,0,0,0,1,0,0,0,4,0,10,0.003,47,17,0,1,1,1,1,1,1,1,1
elastic-job-lite,0,0,0,0,0,1,0,0,0,4,0,10,0.008,47,17,0,1,1,1,1,1,1,1,1
elastic-job-lite,0,0,0,0,0,1,0,0,0,4,0,11,0.003,44,16,0,1,1,1,1,1,1,1,1
elastic-job-lite,0,0,0,0,0,1,0,0,0,4,0,11,0.01,44,16,0,1,1,1,1,1,1,1,1
elastic-job-lite,0,0,0,0,0,1,0,0,0,8,1,15,0,57,22,0,1,1,1,1,1,1,1,7
elastic-job-lite,0,0,0,0,0,1,0,0,0,6,0,12,0.001,55,22,0,1,1,1,1,1,1,1,3
elastic-job-lite,0,0,0,0,0,1,0,0,0,6,0,12,0.002,54,22,0,1,1,1,1,1,1,1,4
elastic-job-lite,0,0,0,0,0,1,0,0,0,10,1,18,0.004,62,23,0,1,1,1,1,1,1,1,13
elastic-job-lite,0,0,0,0,0,1,0,0,0,9,1,17,0.06,61,23,0,1,1,1,1,1,1,1,10
elastic-job-lite,0,0,0,0,0,1,0,0,0,9,1,18,0.01,60,23,0,1,1,1,1,1,1,1,9
elastic-job-lite,0,0,0,0,0,1,0,0,0,11,1,19,0.005,68,23,0,1,1,1,1,1,1,1,13
elastic-job-lite,0,0,0,0,0,1,0,0,0,4,1,10,0.014,43,16,0,1,1,1,1,1,1,1,3
elastic-job-lite,0,0,0,0,0,1,0,0,0,5,1,11,0.009,46,18,0,1,1,1,1,1,1,1,3
elastic-job-lite,0,0,0,0,0,1,0,0,0,4,1,10,0.007,43,16,0,1,1,1,1,1,1,1,3
elastic-job-lite,0,0,0,0,0,1,0,0,0,7,1,11,7.087,50,25,0,1,1,1,1,1,1,1,6
elastic-job-lite,0,0,0,0,0,1,0,0,0,6,1,13,0.012,55,22,0,1,1,1,1,1,1,1,4
elastic-job-lite,0,0,0,0,0,1,0,0,0,4,0,10,0.011,44,16,0,1,1,1,1,1,1,1,1
elastic-job-lite,0,0,0,0,0,1,0,0,0,5,0,11,0.01,46,17,0,1,1,1,1,1,1,1,1
elastic-job-lite,0,0,0,0,0,1,0,0,0,8,0,14,0.003,58,23,0,1,1,1,1,1,1,1,5
elastic-job-lite,0,0,0,0,0,1,0,0,0,8,0,14,0.01,59,23,0,1,1,1,1,1,1,1,4
elastic-job-lite,0,0,0,0,0,1,0,0,0,10,0,29,0.021,126,39,0,1,1,1,1,1,1,1,9
elastic-job-lite,0,0,0,0,0,1,0,0,0,10,0,27,0.018,129,39,0,1,1,1,1,1,1,1,10
elastic-job-lite,0,0,0,0,0,1,0,0,0,8,0,25,0.015,130,39,0,1,1,1,1,1,1,1,7
elastic-job-lite,0,0,0,0,0,1,0,0,0,7,1,21,8.984,108,41,0,1,1,1,1,1,1,1,5
elastic-job-lite,0,0,0,0,0,0,0,0,0,3,1,1,0.041,4,3,0,1,1,1,1,1,1,1,1
elastic-job-lite,0,0,0,0,0,0,0,0,0,3,1,1,0.001,6,5,0,1,1,1,1,1,1,1,0
elastic-job-lite,0,0,0,0,0,0,0,0,0,3,1,1,0.001,6,5,0,1,1,1,1,1,1,1,0
elastic-job-lite,0,0,0,0,0,0,0,0,0,3,1,2,0.011,11,5,0,1,1,1,1,1,1,1,0
elastic-job-lite,0,0,0,0,0,0,0,0,0,3,1,2,0.001,4,3,0,1,1,1,1,1,1,1,0
elastic-job-lite,0,0,0,0,0,1,0,0,0,6,1,5,0,12,7,0,1,1,1,1,1,1,1,6
elastic-job-lite,0,0,0,0,0,1,0,0,0,6,1,5,6.384,18,8,0,1,1,1,1,1,1,1,6
elastic-job-lite,0,0,0,0,0,1,0,0,0,4,1,3,0.003,10,7,0,1,1,1,1,1,1,1,2
elastic-job-lite,0,0,0,0,0,0,0,0,0,3,1,2,0,9,7,0,1,1,1,1,1,1,1,0
elastic-job-lite,0,0,0,0,0,1,0,0,0,4,1,3,0.002,10,7,0,1,1,1,1,1,1,1,2
elastic-job-lite,0,0,0,0,0,1,0,0,0,4,1,3,0.002,10,7,0,1,1,1,1,1,1,1,2
elastic-job-lite,0,0,0,0,0,1,0,0,0,4,1,3,0.002,10,7,0,1,1,1,1,1,1,1,2
elastic-job-lite,0,0,0,0,0,1,0,0,0,6,0,5,0.005,14,7,0,1,1,1,1,1,1,1,1
elastic-job-lite,0,0,0,0,0,1,0,0,0,6,0,5,0.001,14,7,0,1,1,1,1,1,1,1,1
elastic-job-lite,0,0,0,0,0,1,0,0,0,5,0,4,0.052,13,7,0,1,1,1,1,1,1,1,2
elastic-job-lite,0,0,0,0,0,0,0,0,0,9,0,9,0.014,30,17,0,1,1,1,1,1,1,1,5
elastic-job-lite,0,0,0,0,0,0,0,0,0,10,0,9,0.107,33,18,0,1,1,1,1,1,1,1,5
elastic-job-lite,0,1,0,0,0,1,0,0,0,7,2,8,4.665,33,17,0,1,1,1,1,1,1,1,3
elastic-job-lite,0,0,0,0,0,1,0,0,0,8,0,8,0.093,28,13,0,1,1,1,1,1,1,1,5
elastic-job-lite,0,0,0,0,0,1,0,0,0,6,0,5,0.01,17,7,0,1,1,1,1,1,1,1,3
elastic-job-lite,0,0,0,0,0,1,0,0,0,5,0,6,0.004,15,7,0,1,1,1,1,1,1,1,2
elastic-job-lite,0,0,0,0,0,1,0,0,0,6,1,5,0.015,19,7,0,1,1,1,1,1,1,1,7
elastic-job-lite,0,0,0,0,0,1,0,0,0,6,1,5,0.06,19,7,0,1,1,1,1,1,1,1,7
elastic-job-lite,0,0,0,0,0,1,0,0,0,8,1,8,0.01,26,13,0,1,1,1,1,1,1,1,8
elastic-job-lite,0,0,0,0,0,1,0,0,0,7,1,7,0.021,26,13,0,1,1,1,1,1,1,1,6
elastic-job-lite,0,0,0,0,0,1,0,0,0,8,1,8,0.007,25,13,0,1,1,1,1,1,1,1,8
elastic-job-lite,0,0,0,0,0,1,0,0,0,7,1,6,0.009,26,13,0,1,1,1,1,1,1,1,6
elastic-job-lite,0,0,0,0,0,1,0,0,0,8,1,8,0.011,27,13,0,1,1,1,1,1,1,1,8
elastic-job-lite,0,0,0,0,0,1,0,0,0,8,1,8,4.95,29,15,0,1,1,1,1,1,1,1,8
elastic-job-lite,0,0,0,0,0,1,0,0,0,5,1,5,0.009,22,12,0,1,1,1,1,1,1,1,2
elastic-job-lite,0,0,0,0,0,0,0,0,0,9,1,9,0.01,28,15,0,1,1,1,1,1,1,1,0
elastic-job-lite,0,0,0,0,0,0,0,0,0,7,1,7,0.002,25,14,0,1,1,1,1,1,1,1,0
elastic-job-lite,0,0,0,0,0,0,0,0,0,10,1,11,0.02,33,15,0,1,1,1,1,1,1,1,0
elastic-job-lite,0,0,0,0,0,1,0,0,0,9,1,10,0.017,29,14,0,1,1,1,1,1,1,1,8
elastic-job-lite,0,0,0,0,0,1,0,0,0,6,0,5,0.014,16,7,0,1,1,1,1,1,1,1,3
elastic-job-lite,0,0,0,0,0,1,0,0,0,5,0,10,5.22,60,24,0,1,1,1,1,1,1,1,1
elastic-job-lite,0,0,0,0,0,1,0,0,0,4,0,9,0.003,54,24,0,1,1,1,1,1,1,1,2
elastic-job-lite,0,0,0,0,0,1,0,0,0,4,0,8,0.002,22,11,0,1,1,1,1,1,1,1,2
elastic-job-lite,0,0,0,0,0,1,0,0,0,4,0,8,0.001,23,12,0,1,1,1,1,1,1,1,2
elastic-job-lite,0,0,0,0,0,1,0,0,0,6,0,18,0.003,51,19,0,1,1,1,1,1,1,1,2
elastic-job-lite,0,0,0,0,0,1,0,0,0,4,0,16,0.002,51,19,0,1,1,1,1,1,1,1,3
elastic-job-lite,0,0,0,0,0,1,0,0,0,4,0,9,7.26,45,19,0,1,1,1,1,1,1,1,3
elastic-job-lite,0,0,0,0,0,1,0,0,0,6,0,18,0.024,48,19,0,1,1,1,1,1,1,1,2
elastic-job-lite,0,0,0,0,0,1,0,0,0,4,0,16,0.001,49,19,0,1,1,1,1,1,1,1,3
elastic-job-lite,0,0,0,0,0,1,0,0,0,6,0,22,0.011,84,32,0,1,1,1,1,1,1,1,5
elastic-job-lite,0,0,0,0,0,1,0,0,0,6,0,23,0.532,88,32,0,1,1,1,1,1,1,1,5
elastic-job-lite,0,0,0,0,0,1,0,0,0,4,0,16,0.022,52,20,0,1,1,1,1,1,1,1,3
elastic-job-lite,0,0,0,0,0,1,0,0,0,4,0,18,0.007,48,19,0,1,1,1,1,1,1,1,3
elastic-job-lite,0,0,0,0,0,1,0,0,0,4,0,15,0.023,45,20,0,1,1,1,1,1,1,1,4
elastic-job-lite,0,0,0,0,0,0,0,0,0,3,1,1,0.004,4,3,0,1,1,1,1,1,1,1,1
elastic-job-lite,0,0,0,0,0,0,0,0,0,3,1,1,0.031,4,3,0,1,1,1,1,1,1,1,0
elastic-job-lite,0,0,0,0,0,0,0,0,0,3,1,1,0.001,4,3,0,1,1,1,1,1,1,1,1
elastic-job-lite,0,0,0,0,0,0,0,0,0,3,1,1,0.018,4,3,0,1,1,1,1,1,1,1,1
elastic-job-lite,0,0,0,0,0,1,0,0,0,5,1,5,0.016,32,14,0,1,1,1,1,1,1,1,1
elastic-job-lite,0,0,0,0,0,1,0,0,0,11,1,11,0.016,46,21,0,1,1,1,1,1,1,1,11
elastic-job-lite,0,0,0,0,0,0,0,0,0,3,1,3,0.006,30,14,0,1,1,1,1,1,1,1,1
elastic-job-lite,0,0,0,0,0,1,0,0,0,11,1,14,0.012,58,21,0,1,1,1,1,1,1,1,11
elastic-job-lite,0,0,0,0,0,0,0,0,0,3,1,3,0.036,31,14,0,1,1,1,1,1,1,1,1
elastic-job-lite,0,0,0,0,0,1,0,0,0,9,1,10,0.01,47,21,0,1,1,1,1,1,1,1,10
elastic-job-lite,0,0,0,0,0,1,0,0,0,9,1,10,0.011,47,21,0,1,1,1,1,1,1,1,10
elastic-job-lite,0,0,0,0,0,1,0,0,0,4,1,4,0.018,30,14,0,1,1,1,1,1,1,1,2
elastic-job-lite,0,0,0,0,0,1,0,0,0,28,0,35,1.956,90,22,0,1,1,1,1,1,1,1,52
elastic-job-lite,0,0,0,0,0,1,0,0,0,4,0,4,0.02,30,14,0,1,1,1,1,1,1,1,1
elastic-job-lite,0,0,0,0,0,1,0,0,0,19,0,24,0.033,69,24,0,1,1,1,1,1,1,1,22
elastic-job-lite,0,0,0,0,0,1,0,0,0,19,0,22,0.212,70,27,0,1,1,1,1,1,1,1,23
elastic-job-lite,0,0,0,0,0,1,0,0,0,8,0,8,0.118,40,15,0,1,1,1,1,1,1,1,10
elastic-job-lite,0,0,0,0,0,1,0,0,0,4,0,6,0.005,32,14,0,1,1,1,1,1,1,1,2
elastic-job-lite,0,0,0,0,0,1,0,0,0,5,0,6,7.73,34,14,0,1,1,1,1,1,1,1,4
elastic-job-lite,0,0,0,0,0,0,0,0,0,3,1,1,0,3,2,0,1,1,1,1,1,1,1,1
elastic-job-lite,0,0,0,0,0,0,0,0,0,3,1,1,0.003,3,2,0,1,1,1,1,1,1,1,1
elastic-job-lite,0,0,0,0,0,0,0,0,0,3,1,1,0.01,3,2,0,1,1,1,1,1,1,1,1
elastic-job-lite,0,0,0,0,0,0,0,0,0,3,1,1,0.008,3,2,0,1,1,1,1,1,1,1,1
elastic-job-lite,0,0,0,0,0,0,0,0,0,3,1,1,0.004,3,2,0,1,1,1,1,1,1,1,1
elastic-job-lite,0,0,0,0,0,0,0,0,0,3,1,1,0.046,3,2,0,1,1,1,1,1,1,1,1
elastic-job-lite,0,0,0,0,0,1,0,0,0,10,0,6,0.773,10,3,0,1,1,1,1,1,1,1,9
elastic-job-lite,0,0,0,0,0,1,0,0,0,10,0,6,3.338,12,3,0,1,1,1,1,1,1,1,9
elastic-job-lite,0,0,0,0,0,1,0,0,0,8,0,6,0.009,9,3,0,1,1,1,1,1,1,1,7
elastic-job-lite,0,0,0,0,0,1,0,0,0,8,0,6,0.012,9,3,0,1,1,1,1,1,1,1,8
elastic-job-lite,0,0,0,0,0,1,0,0,0,8,0,6,0.006,9,3,0,1,1,1,1,1,1,1,9
elastic-job-lite,0,0,0,0,0,1,0,0,0,31,0,14,0.034,19,6,0,1,1,1,1,1,1,1,29
elastic-job-lite,0,0,0,0,0,1,0,0,0,31,0,24,1.846,28,4,0,1,1,1,1,1,1,1,51
elastic-job-lite,0,0,0,0,0,1,0,0,0,4,0,2,0.003,5,3,0,1,1,1,1,1,1,1,1
elastic-job-lite,0,0,0,0,0,1,0,0,0,4,0,2,0.004,5,3,0,1,1,1,1,1,1,1,1
elastic-job-lite,0,0,0,0,0,1,0,0,0,5,1,3,0.001,6,3,0,1,1,1,1,1,1,1,4
elastic-job-lite,0,0,0,0,0,1,0,0,0,5,1,3,0.023,6,3,0,1,1,1,1,1,1,1,4
elastic-job-lite,0,0,0,0,0,1,0,0,0,5,1,3,0.002,6,3,0,1,1,1,1,1,1,1,4
elastic-job-lite,0,0,0,0,0,1,0,0,0,5,1,3,0.005,6,3,0,1,1,1,1,1,1,1,4
elastic-job-lite,0,0,0,0,0,1,0,0,0,5,1,4,5.375,6,3,0,1,1,1,1,1,1,1,3
elastic-job-lite,0,0,0,0,0,1,0,0,0,6,0,4,0.003,9,3,0,1,1,1,1,1,1,1,4
elastic-job-lite,0,0,0,0,0,1,0,0,0,6,0,4,0.002,8,3,0,1,1,1,1,1,1,1,5
elastic-job-lite,0,0,0,0,0,1,0,0,0,4,0,3,0.004,5,3,0,1,1,1,1,1,1,1,1
elastic-job-lite,0,0,0,0,0,1,0,0,0,4,0,2,0.017,6,3,0,1,1,1,1,1,1,1,1
elastic-job-lite,0,0,0,0,0,0,0,0,0,4,1,2,0.134,8,3,0,1,1,1,1,1,1,1,1
elastic-job-lite,0,0,0,0,0,0,0,0,0,5,1,3,0.034,16,3,0,1,1,1,1,1,1,1,1
elastic-job-lite,0,0,0,0,0,1,0,0,0,3,1,3,0.011,9,5,0,1,1,1,1,1,1,1,4
elastic-job-lite,0,0,0,0,0,1,0,0,0,3,1,3,0.009,9,5,0,1,1,1,1,1,1,1,4
elastic-job-lite,0,0,0,0,0,1,0,0,0,3,1,3,0.009,9,5,0,1,1,1,1,1,1,1,4
elastic-job-lite,0,0,0,0,0,1,0,0,0,3,1,3,0.002,13,5,0,1,1,1,1,1,1,1,4
elastic-job-lite,0,0,0,0,0,1,0,0,0,3,1,1,1.138,7,6,0,1,1,1,1,1,1,1,2
elastic-job-lite,0,0,0,0,0,1,0,0,0,3,1,4,0.006,9,5,0,1,1,1,1,1,1,1,4
elastic-job-lite,0,0,0,0,0,1,0,0,0,3,1,1,0.002,4,2,0,1,1,1,1,1,1,1,1
elastic-job-lite,0,0,0,0,0,1,0,0,0,3,1,1,0.06,6,2,0,1,1,1,1,1,1,1,1
elastic-job-lite,0,0,0,0,0,1,0,0,0,3,1,1,0.002,4,2,0,1,1,1,1,1,1,1,1
elastic-job-lite,0,0,0,0,0,1,0,0,0,3,1,1,0.002,4,2,0,1,1,1,1,1,1,1,1
elastic-job-lite,0,0,0,0,0,1,0,0,0,7,0,7,0.008,16,2,0,1,1,1,1,1,1,1,16
elastic-job-lite,0,0,0,0,0,1,0,0,0,4,0,4,0.002,7,2,0,1,1,1,1,1,1,1,3
elastic-job-lite,0,0,0,0,0,1,0,0,0,9,0,9,0.005,13,2,0,1,1,1,1,1,1,1,11
elastic-job-lite,0,0,0,0,0,1,0,0,0,7,0,7,0.002,15,2,0,1,1,1,1,1,1,1,16
elastic-job-lite,0,0,0,0,0,1,0,0,0,4,0,3,0.002,6,2,0,1,1,1,1,1,1,1,3
elastic-job-lite,0,0,0,0,0,1,0,0,0,9,0,8,0.018,11,2,0,1,1,1,1,1,1,1,11
elastic-job-lite,0,1,0,0,0,1,0,0,0,11,3,9,0.012,20,2,0,1,1,1,1,1,1,1,9
elastic-job-lite,0,0,0,0,0,1,0,0,0,6,1,4,0.046,9,2,0,1,1,1,1,1,1,1,5
elastic-job-lite,0,1,0,0,0,1,0,0,0,8,2,6,4.806,15,2,0,1,1,1,1,1,1,1,8
elastic-job-lite,0,0,0,0,0,1,0,0,0,7,0,6,0.005,15,2,0,1,1,1,1,1,1,1,8
elastic-job-lite,0,0,0,0,0,1,0,0,0,6,0,5,0.003,14,2,0,1,1,1,1,1,1,1,7
elastic-job-lite,0,0,0,0,0,1,0,0,0,9,0,8,0.005,21,2,0,1,1,1,1,1,1,1,11
elastic-job-lite,0,0,0,0,0,1,0,0,0,8,0,7,0.006,13,2,0,1,1,1,1,1,1,1,11
elastic-job-lite,0,0,0,0,0,1,0,0,0,6,0,7,5.123,10,2,0,1,1,1,1,1,1,1,5
elastic-job-lite,0,0,0,0,0,1,0,0,0,6,0,5,0.006,8,2,0,1,1,1,1,1,1,1,5
elastic-job-lite,0,1,0,0,1,0,0,0,0,6,2,7,0.038,13,3,0,1,1,1,1,1,1,1,0
elastic-job-lite,0,1,0,0,0,0,0,0,0,5,2,3,1.087,6,4,0,1,1,1,1,1,1,1,0
elastic-job-lite,0,1,0,0,1,0,0,0,0,5,2,7,0.043,12,3,0,1,1,1,1,1,1,1,0
elastic-job-lite,0,0,0,0,0,1,0,0,0,6,0,19,0.005,24,4,0,1,1,1,1,1,1,1,14
elastic-job-lite,0,0,0,0,0,1,0,0,0,6,0,19,5.603,28,4,0,1,1,1,1,1,1,1,14
elastic-job-lite,0,0,0,0,0,1,0,0,0,5,0,3,0.002,6,3,0,1,1,1,1,1,1,1,3
elastic-job-lite,0,0,0,0,0,1,0,0,0,22,0,16,0.068,22,4,0,1,1,1,1,1,1,1,3
elastic-job-lite,0,0,0,0,0,0,0,0,0,6,0,3,0.001,5,3,0,1,1,1,1,1,1,1,0
elastic-job-lite,0,0,0,0,0,0,0,0,0,5,0,2,0.007,4,3,0,1,1,1,1,1,1,1,0
elastic-job-lite,0,0,0,0,0,0,0,0,0,7,0,4,0.001,6,3,0,1,1,1,1,1,1,1,0
elastic-job-lite,0,1,0,0,0,1,0,0,0,25,6,15,0.028,27,4,0,1,1,1,1,1,1,1,32
elastic-job-lite,0,0,0,0,0,1,0,0,0,4,1,2,0.003,5,3,0,1,1,1,1,1,1,1,3
elastic-job-lite,0,0,0,0,0,1,0,0,0,7,1,5,0.015,9,4,0,1,1,1,1,1,1,1,8
elastic-job-lite,0,0,0,0,0,1,0,0,0,13,1,11,0.007,15,4,0,1,1,1,1,1,1,1,20
elastic-job-lite,0,1,1,0,0,1,0,0,0,21,5,10,0.013,21,3,0,1,1,1,1,1,1,1,21
elastic-job-lite,0,0,0,0,0,1,0,0,0,4,1,2,0.011,4,2,0,1,1,1,1,1,1,1,3
elastic-job-lite,0,1,0,0,0,1,0,0,0,18,6,16,0.018,20,4,0,1,1,1,1,1,1,1,25
elastic-job-lite,0,0,0,0,0,1,0,0,0,12,1,10,0.014,14,4,0,1,1,1,1,1,1,1,18
elastic-job-lite,0,0,0,0,0,1,0,0,0,12,1,10,5.107,23,5,0,1,1,1,1,1,1,1,18
elastic-job-lite,0,1,0,0,0,1,0,0,0,32,8,11,0.017,24,3,0,1,1,1,1,1,1,1,25
elastic-job-lite,0,0,0,0,0,1,0,0,0,6,1,4,5.014,6,2,0,1,1,1,1,1,1,1,7
elastic-job-lite,0,1,0,0,0,1,0,0,0,46,14,16,4.953,43,4,0,1,1,1,1,1,1,1,41
elastic-job-lite,0,0,0,0,0,0,0,0,0,3,1,1,0.042,4,2,0,1,1,1,1,1,1,1,1
elastic-job-lite,0,1,0,0,0,0,0,0,0,6,2,1,0.211,18,6,0,1,1,1,1,1,1,1,0
elastic-job-lite,0,1,0,0,0,0,0,0,0,7,2,2,9.959,21,7,0,1,1,1,1,1,1,1,0
elastic-job-lite,0,0,0,0,0,0,0,0,0,3,0,1,0,3,2,0,1,1,1,1,1,1,1,0
elastic-job-lite,0,0,0,0,0,0,0,0,0,3,0,1,0,3,2,0,1,1,1,1,1,1,1,0
elastic-job-lite,0,0,0,0,0,0,0,0,0,3,0,1,1.154,3,2,0,1,1,1,1,1,1,1,0
elastic-job-lite,0,0,0,0,0,0,0,0,0,3,0,1,0,3,2,0,1,1,1,1,1,1,1,0
elastic-job-lite,0,0,0,0,0,0,0,0,0,3,0,1,0.003,3,2,0,1,1,1,1,1,1,1,0
elastic-job-lite,0,0,0,0,0,0,0,0,0,3,0,1,0,3,2,0,1,1,1,1,1,1,1,0
elastic-job-lite,0,0,0,0,0,0,0,0,0,3,0,1,0,4,2,0,1,1,1,1,1,1,1,0
elastic-job-lite,0,0,0,0,0,0,0,0,0,3,0,0,0.005,4,3,0,1,1,1,1,1,1,1,0
elastic-job-lite,0,1,0,0,0,0,0,0,0,8,5,6,0.018,8,2,0,1,1,1,1,1,1,1,5
elastic-job-lite,0,0,0,0,0,1,0,0,0,6,0,3,0.052,6,3,0,1,1,1,1,1,1,1,3
elastic-job-lite,0,0,0,0,0,0,0,0,0,9,1,2,0.088,13,7,0,1,1,1,1,1,1,1,0
elastic-job-lite,0,0,0,0,0,0,0,0,0,4,0,1,11.237,5,5,0,1,1,1,1,1,1,1,0
elastic-job-lite,0,0,0,0,0,1,0,0,1,3,1,1,0.001,3,2,0,1,1,1,1,1,1,1,1
elastic-job-lite,0,1,0,0,0,0,0,0,1,4,2,0,0.063,9,5,0,1,1,1,1,1,1,1,0
elastic-job-lite,0,0,0,0,0,0,0,0,1,4,1,2,0.003,4,2,0,1,1,1,1,1,1,1,1
elastic-job-lite,0,1,0,0,0,1,0,0,1,6,2,4,0.015,9,2,0,1,1,1,1,1,1,1,2
elastic-job-lite,0,1,0,0,0,1,0,0,1,13,4,11,0.578,17,4,0,1,1,1,1,1,1,1,10
elastic-job-lite,0,1,0,0,0,0,0,0,1,16,3,2,0.657,11,6,0,1,1,1,1,1,1,1,0
elastic-job-lite,0,1,0,0,0,1,0,0,1,13,5,8,0.048,14,3,0,1,1,1,1,1,1,1,10
elastic-job-lite,0,0,0,0,0,1,0,0,1,4,1,2,0.042,5,2,0,1,1,1,1,1,1,1,0
elastic-job-lite,0,0,0,0,0,1,0,0,1,5,1,3,0.095,7,2,0,1,1,1,1,1,1,1,1
elastic-job-lite,0,1,0,0,0,1,0,0,1,4,2,2,0.015,4,2,0,1,1,1,1,1,1,1,2
elastic-job-lite,0,0,0,0,0,0,0,0,1,3,1,2,0.03,13,7,0,1,1,1,1,1,1,1,0
elastic-job-lite,0,1,0,0,0,1,0,0,1,6,4,4,0.047,12,4,0,1,1,1,1,1,1,1,4
elastic-job-lite,0,1,0,0,0,1,0,0,1,4,2,2,0.006,4,2,0,1,1,1,1,1,1,1,2
elastic-job-lite,0,1,0,0,0,1,0,0,1,6,4,4,0.021,10,2,0,1,1,1,1,1,1,1,4
elastic-job-lite,1,1,0,0,0,1,0,0,1,7,2,5,0.108,12,2,0,1,1,1,1,1,1,1,0
elastic-job-lite,0,0,0,0,0,0,0,0,1,3,1,3,0.032,14,7,0,1,1,1,1,1,1,1,0
elastic-job-lite,0,1,0,0,0,1,0,0,1,5,3,3,0.02,5,2,0,1,1,1,1,1,1,1,0
elastic-job-lite,0,0,0,0,0,0,0,0,0,4,0,5,0.562,34,18,0,1,1,1,1,1,1,1,4
elastic-job-lite,0,0,0,0,0,0,0,0,0,4,0,5,0.341,34,18,0,1,1,1,1,1,1,1,4
elastic-job-lite,0,0,0,0,0,0,0,0,0,4,0,6,0.608,41,19,0,1,1,1,1,1,1,1,5
elastic-job-lite,0,0,0,0,0,0,0,0,0,4,0,6,0.739,38,19,0,1,1,1,1,1,1,1,5
elastic-job-lite,0,0,0,0,0,0,0,0,0,4,0,7,1.042,38,19,0,1,1,1,1,1,1,1,6
elastic-job-lite,0,0,0,0,0,0,0,0,0,4,0,5,1.044,35,16,0,1,1,1,1,1,1,1,4
elastic-job-lite,0,0,0,0,0,1,0,0,0,3,0,13,0.449,37,16,0,1,1,1,1,1,1,1,6
elastic-job-lite,0,0,0,0,0,0,0,0,0,3,1,1,0.038,13,4,0,1,1,1,1,1,1,1,0
elastic-job-lite,0,0,0,0,0,0,0,0,0,3,1,4,0.043,18,4,0,1,1,1,1,1,1,1,0
elastic-job-lite,0,0,0,0,0,1,0,0,0,5,1,2,0.076,16,4,0,1,1,1,1,1,1,1,0
elastic-job-lite,0,0,0,0,0,0,0,0,0,3,1,2,0.041,13,4,0,1,1,1,1,1,1,1,0
elastic-job-lite,0,0,0,0,0,0,0,0,0,3,1,1,0.018,14,3,0,1,1,1,1,1,1,1,1
elastic-job-lite,0,1,0,1,0,0,0,0,0,8,4,1,0.048,16,4,0,1,1,1,1,1,1,1,0
elastic-job-lite,0,0,0,0,0,0,0,0,0,3,1,1,0.104,10,3,0,1,1,1,1,1,1,1,1
elastic-job-lite,0,1,0,1,0,0,0,0,0,8,4,1,0.114,20,4,0,1,1,1,1,1,1,1,0
elastic-job-lite,0,0,0,1,0,0,0,0,0,6,1,4,0.019,19,4,0,1,1,1,1,1,1,1,1
elastic-job-lite,0,0,0,0,0,0,0,0,0,3,1,1,0.124,9,3,0,1,1,1,1,1,1,1,1
elastic-job-lite,0,0,0,1,0,0,0,0,0,6,1,4,0.069,19,4,0,1,1,1,1,1,1,1,1
elastic-job-lite,0,0,0,0,0,0,0,0,0,3,1,1,0.072,9,3,0,1,1,1,1,1,1,1,1
elastic-job-lite,0,1,0,1,0,1,0,0,0,9,2,1,0.136,18,4,0,1,1,1,1,1,1,1,2
elastic-job-lite,0,0,0,0,0,1,0,0,0,5,1,1,0.095,13,3,0,1,1,1,1,1,1,1,1
elastic-job-lite,0,0,0,1,0,0,0,0,0,6,1,4,0.071,16,4,0,1,1,1,1,1,1,1,1
elastic-job-lite,0,0,0,0,0,0,0,0,0,3,1,1,0.112,12,3,0,1,1,1,1,1,1,1,1
elastic-job-lite,0,1,0,0,0,0,0,0,0,5,3,3,0.105,13,3,0,1,1,1,1,1,1,1,3
elastic-job-lite,0,1,0,1,0,0,0,0,0,10,4,1,0.134,20,4,0,1,1,1,1,1,1,1,0
elastic-job-lite,0,0,0,0,0,0,0,0,0,3,1,1,0.056,10,3,0,1,1,1,1,1,1,1,1
elastic-job-lite,0,1,0,1,0,0,0,0,0,8,4,1,0.096,20,4,0,1,1,1,1,1,1,1,0
elastic-job-lite,0,1,0,1,0,1,0,0,0,10,2,1,0.088,23,4,0,1,1,1,1,1,1,1,2
elastic-job-lite,0,1,0,0,0,1,0,0,0,7,2,1,4.02,11,4,0,1,1,1,1,1,1,1,2
elastic-job-lite,0,1,0,1,1,1,0,0,0,20,11,19,0.332,26,4,0,1,1,1,1,1,1,1,14
elastic-job-lite,0,0,0,0,0,0,0,0,0,7,1,5,0.059,8,3,0,1,1,1,1,1,1,1,1
elastic-job-lite,0,0,0,0,0,0,0,0,0,3,1,1,0.01,3,2,0,1,1,1,1,1,1,1,1
elastic-job-lite,0,0,0,0,0,0,0,0,0,3,0,0,0.002,5,3,0,1,1,1,1,1,1,1,0
elastic-job-lite,0,0,0,0,0,0,0,0,0,3,0,1,0.004,6,3,0,1,1,1,1,1,1,1,0
elastic-job-lite,0,0,0,0,0,0,0,0,0,3,1,2,0.001,9,2,0,1,1,1,1,1,1,1,1
elastic-job-lite,0,0,0,0,0,0,0,0,0,3,1,2,0.002,8,2,0,1,1,1,1,1,1,1,1
elastic-job-lite,0,0,0,0,0,0,0,0,0,3,1,2,0.066,4,2,0,1,1,1,1,1,1,1,1
elastic-job-lite,0,0,0,0,0,0,0,0,0,3,1,1,0.019,3,2,0,1,1,1,1,1,1,1,1
elastic-job-lite,0,0,0,0,0,0,0,0,0,3,1,1,0,3,2,0,1,1,1,1,1,1,1,1
elastic-job-lite,0,0,0,0,0,0,0,0,0,3,1,2,0,4,2,0,1,1,1,1,1,1,1,1
elastic-job-lite,0,0,0,0,0,0,0,0,0,3,1,1,0.085,5,2,0,1,1,1,1,1,1,1,1
elastic-job-lite,0,0,0,0,0,0,0,0,0,4,1,3,0.04,5,2,0,1,1,1,1,1,1,1,1
elastic-job-lite,0,0,0,0,0,0,0,0,0,3,1,1,0.016,3,2,0,1,1,1,1,1,1,1,0
elastic-job-lite,0,0,0,0,0,0,0,0,0,3,1,1,0.011,3,2,0,1,1,1,1,1,1,1,0
elastic-job-lite,0,0,0,0,0,0,0,0,0,3,1,1,0.022,3,2,0,1,1,1,1,1,1,1,0
elastic-job-lite,0,0,0,0,0,0,0,0,0,3,1,1,0.475,4,2,0,1,1,1,1,1,1,1,1
elastic-job-lite,0,1,0,1,0,0,0,0,0,17,2,5,0.055,8,3,0,1,1,1,1,1,1,1,6
elastic-job-lite,0,0,0,0,0,1,0,0,0,6,1,5,0.138,38,13,0,1,1,1,1,1,1,1,4
elastic-job-lite,0,0,0,0,0,1,0,0,0,6,1,5,0.004,35,13,0,1,1,1,1,1,1,1,4
elastic-job-lite,0,0,0,0,0,1,0,0,0,7,1,6,0.003,38,13,0,1,1,1,1,1,1,1,4
elastic-job-lite,0,0,0,0,0,1,0,0,0,4,1,3,0.003,33,12,0,1,1,1,1,1,1,1,2
elastic-job-lite,0,0,0,0,0,1,0,0,0,4,1,3,0.001,32,12,0,1,1,1,1,1,1,1,2
elastic-job-lite,0,0,0,0,0,1,0,0,0,5,1,4,0.005,36,12,0,1,1,1,1,1,1,1,2
