okhttp,0,1,0,0,0,1,0,0,0,27,5,25,0.057,42,3,0,0,0,0,0,0,4,4,26
okhttp,0,1,0,0,0,1,0,0,0,28,10,26,0.062,44,3,0,0,0,0,0,0,4,4,33
okhttp,0,1,0,0,0,1,0,0,0,16,5,17,0.037,31,3,0,0,0,0,0,0,4,4,21
okhttp,0,1,0,0,0,1,0,0,0,33,9,30,0.037,51,3,0,0,0,0,0,0,4,4,33
okhttp,0,1,0,0,0,1,0,0,0,35,9,29,0.044,49,3,0,0,0,0,0,0,4,4,31
okhttp,0,0,0,0,0,1,0,0,0,5,0,7,0.031,22,3,0,0,0,0,0,0,4,4,16
okhttp,0,1,0,0,0,1,0,0,0,11,2,12,0.058,33,3,0,0,0,0,0,0,4,5,17
okhttp,0,1,0,0,0,1,0,0,0,11,2,12,1.885,39,3,0,0,0,0,0,0,4,8,17
okhttp,0,0,0,0,0,1,0,0,0,8,1,10,0.081,24,3,0,0,0,0,0,0,4,4,18
okhttp,0,0,0,0,0,1,0,0,0,6,1,8,0.046,21,3,0,0,0,0,0,0,4,4,18
okhttp,0,0,0,0,0,1,0,0,0,7,1,9,0.062,23,3,0,0,0,0,0,0,4,4,18
okhttp,0,1,0,0,0,1,0,0,0,20,2,13,0.092,22,3,0,0,0,2,2,2,2,2,0
okhttp,0,0,0,0,1,1,0,0,0,23,1,11,0.041,15,3,0,0,0,2,2,2,2,2,0
okhttp,0,1,0,0,0,1,0,0,0,28,2,14,0.086,18,4,0,0,0,2,2,2,2,2,0
okhttp,0,1,0,0,0,1,0,0,0,18,3,14,0.144,20,3,0,0,0,2,2,2,2,2,0
okhttp,0,1,0,0,0,1,0,0,0,25,5,15,0.085,20,4,0,0,0,2,2,2,2,2,0
okhttp,0,0,0,0,0,1,0,0,0,12,0,5,0.891,17,3,0,0,0,2,2,2,2,2,0
okhttp,0,0,0,0,0,1,0,0,0,15,0,7,0.958,18,3,0,0,0,2,2,2,2,2,0
okhttp,0,0,0,0,0,1,0,0,0,18,1,7,0.054,20,3,0,0,0,2,2,2,2,2,0
okhttp,0,1,0,0,0,1,0,0,0,18,3,10,0.065,20,3,0,0,0,2,2,2,2,2,0
okhttp,0,1,0,0,0,1,0,0,0,30,8,17,0.086,31,3,0,0,0,2,2,2,2,2,0
okhttp,0,0,0,0,0,1,0,0,0,15,0,10,10.02,16,3,0,0,0,2,2,2,2,2,0
okhttp,1,1,0,0,1,1,0,0,0,30,3,14,0.134,37,4,0,0,0,2,2,2,2,2,0
okhttp,0,0,0,0,0,0,0,0,0,16,0,1,0.814,3,3,0,0,0,2,2,2,2,2,0
okhttp,0,0,0,0,0,1,0,0,0,16,0,9,10.043,18,3,0,0,0,2,2,2,2,2,0
okhttp,0,1,0,1,0,1,0,0,0,32,12,7,0.023,10,2,0,0,0,2,2,2,2,2,0
okhttp,0,0,0,1,0,1,0,0,0,5,1,7,0.025,10,2,0,0,0,2,2,2,2,2,0
okhttp,0,1,0,1,0,1,0,0,0,11,2,7,0.013,10,2,0,0,0,2,2,2,2,2,0
okhttp,0,0,0,1,0,1,0,0,0,7,0,7,0.021,10,2,0,0,0,2,2,2,2,2,0
okhttp,0,0,0,1,0,1,0,0,0,5,1,7,0.026,10,2,0,0,0,2,2,2,2,2,0
okhttp,0,0,0,1,0,1,0,0,0,5,1,7,0.021,10,2,0,0,0,2,2,2,2,2,0
okhttp,0,0,0,1,0,1,0,0,0,5,1,7,0.026,10,2,0,0,0,2,2,2,2,2,0
okhttp,0,0,0,1,0,1,0,0,0,7,1,7,0.026,10,2,0,0,0,2,2,2,2,2,0
okhttp,0,0,0,1,0,1,0,0,0,6,1,7,0.031,10,2,0,0,0,2,2,2,2,2,0
okhttp,0,1,0,1,0,1,0,0,0,84,42,8,0.032,11,2,0,0,0,2,2,2,2,2,0
okhttp,0,0,0,0,0,1,0,0,0,7,0,7,0.008,10,2,0,0,0,2,2,2,2,2,0
okhttp,0,0,0,1,0,1,0,0,0,6,1,7,0.024,10,2,0,0,0,2,2,2,2,2,0
okhttp,0,0,0,0,0,1,0,0,0,6,0,7,0.025,10,2,0,0,0,2,2,2,2,2,0
okhttp,0,1,0,1,0,0,0,0,0,20,8,0,0.345,3,2,0,0,0,2,2,2,2,2,0
okhttp,0,0,0,0,0,1,0,0,0,4,0,7,0.029,10,2,0,0,0,2,2,2,2,2,0
okhttp,0,0,0,0,0,1,0,0,0,5,1,7,0.026,10,2,0,0,0,2,2,2,2,2,0
okhttp,0,0,0,0,0,1,0,0,0,8,1,7,0.026,10,2,0,0,0,2,2,2,2,2,0
okhttp,0,1,0,1,0,1,0,0,0,9,2,7,0.022,10,2,0,0,0,2,2,2,2,2,0
okhttp,0,1,0,1,0,1,0,0,0,9,2,7,0.011,10,2,0,0,0,2,2,2,2,2,0
okhttp,0,1,0,1,0,0,0,0,0,8,4,0,0.236,10,2,0,0,0,0,2,2,2,2,0
okhttp,0,1,0,1,0,0,0,0,0,7,4,0,0.009,11,2,0,0,0,0,2,2,2,2,0
okhttp,0,1,0,1,0,0,0,0,0,7,4,0,0.014,9,2,0,0,0,0,2,2,2,2,0
okhttp,0,1,0,1,0,1,0,0,0,5,3,4,0.008,11,2,0,0,0,0,0,0,3,3,0
okhttp,0,1,0,1,0,1,0,0,0,6,4,5,0.006,13,2,0,0,0,0,0,0,3,3,0
okhttp,0,1,0,1,0,1,0,0,0,5,3,4,1.257,11,2,0,0,0,0,0,0,3,3,0
okhttp,0,1,0,1,0,1,0,0,0,6,4,5,0.013,12,2,0,0,0,0,0,0,3,3,0
okhttp,0,0,0,1,0,1,0,0,0,7,0,2,0.001,10,3,0,0,0,2,2,2,2,2,0
okhttp,0,0,0,1,0,1,0,0,0,8,0,2,0.002,9,3,0,0,0,2,2,2,2,2,0
okhttp,0,0,0,0,0,1,0,0,0,3,0,3,0.003,8,3,0,0,0,2,2,2,2,2,0
okhttp,0,0,0,0,0,1,0,0,0,9,0,3,0.002,8,3,0,0,0,2,2,2,2,2,0
okhttp,0,0,0,0,0,1,0,0,0,9,0,3,1.256,6,3,0,0,0,2,2,2,2,2,0
okhttp,0,0,0,0,0,1,0,0,0,6,0,3,0.004,8,3,0,0,0,2,2,2,2,2,0
okhttp,0,0,0,0,0,0,0,0,0,6,1,0,0,7,3,0,0,0,2,2,2,2,2,0
okhttp,0,0,0,0,0,1,0,0,0,7,0,3,0.002,9,3,0,0,0,2,2,2,2,2,0
okhttp,0,0,0,0,0,0,0,0,0,6,1,0,0.005,7,3,0,0,0,2,2,2,2,2,0
okhttp,0,0,0,0,0,1,0,0,0,6,0,2,0.001,9,3,0,0,0,2,2,2,2,2,0
okhttp,0,0,0,0,0,1,0,0,0,7,0,2,0.001,10,3,0,0,0,2,2,2,2,2,0
okhttp,0,0,0,1,0,1,0,0,0,9,0,2,0.01,9,3,0,0,0,2,2,2,2,2,0
okhttp,0,1,0,1,0,0,0,0,0,31,6,4,1.485,6,1,0,0,0,2,2,2,2,2,0
okhttp,0,0,0,0,0,1,0,0,0,7,1,6,0.002,7,1,0,0,0,2,2,2,2,2,0
okhttp,0,0,0,0,0,1,0,0,0,7,1,6,0,7,1,0,0,0,2,2,2,2,2,0
okhttp,0,1,0,1,0,1,0,0,0,21,9,12,0.001,15,1,0,0,0,2,2,2,2,2,0
okhttp,0,0,0,0,0,1,0,0,0,6,1,5,0,6,1,0,0,0,2,2,2,2,2,0
okhttp,0,1,0,0,0,1,0,0,0,7,2,6,0.004,7,1,0,0,0,2,2,2,2,2,0
okhttp,0,0,0,0,0,1,0,0,0,4,1,3,0.006,4,1,0,0,0,2,2,2,2,2,0
okhttp,0,0,0,0,0,1,0,0,0,4,1,3,0.001,4,1,0,0,0,2,2,2,2,2,0
okhttp,0,0,0,0,0,1,0,0,0,5,1,4,0.011,5,1,0,0,0,2,2,2,2,2,0
okhttp,0,1,0,0,0,1,0,0,0,7,3,6,0.014,7,1,0,0,0,2,2,2,2,2,0
okhttp,0,0,0,0,0,1,0,0,0,5,1,4,0.016,5,1,0,0,0,2,2,2,2,2,0
okhttp,0,0,0,0,0,1,0,0,0,5,1,4,0.001,5,1,0,0,0,2,2,2,2,2,0
okhttp,0,1,0,0,0,1,0,0,0,7,2,6,0.001,7,1,0,0,0,2,2,2,2,2,0
okhttp,0,1,0,0,0,1,0,0,0,7,2,6,0.001,7,1,0,0,0,2,2,2,2,2,0
okhttp,0,1,0,1,0,1,0,0,0,25,15,19,0.097,21,1,0,0,0,2,2,2,2,2,2
okhttp,0,1,0,1,0,1,0,0,0,12,3,7,0.001,9,1,0,0,0,2,2,2,2,2,1
okhttp,0,1,0,1,0,1,0,0,0,12,3,7,0.004,9,1,0,0,0,2,2,2,2,2,1
okhttp,0,0,0,0,0,1,0,0,0,20,1,4,0.004,12,1,0,0,0,2,2,2,2,2,0
okhttp,0,0,0,0,0,1,0,0,0,13,1,3,0.198,9,1,0,0,0,2,2,2,2,2,0
okhttp,0,0,0,0,0,1,0,0,0,13,1,3,0.002,8,1,0,0,0,2,2,2,2,2,0
okhttp,0,0,0,0,0,0,0,0,0,20,1,6,0.037,9,2,0,0,0,2,2,2,2,2,0
okhttp,0,1,0,0,0,0,0,0,0,17,2,6,0.013,9,3,0,0,0,2,2,2,2,2,0
okhttp,0,1,0,0,0,0,0,0,0,17,3,6,0.023,7,2,0,0,0,2,2,2,2,2,0
okhttp,0,1,0,0,0,0,0,0,0,15,6,4,0.028,5,2,0,0,0,2,2,2,2,2,0
okhttp,0,0,0,0,0,0,0,0,0,6,1,3,0.01,4,2,0,0,0,2,2,2,2,2,0
okhttp,0,1,0,0,0,0,0,0,0,14,3,4,0.034,5,2,0,0,0,2,2,2,2,2,0
okhttp,0,0,0,0,0,0,0,0,0,5,0,5,0.009,6,2,0,0,0,2,2,2,2,2,0
okhttp,0,1,0,0,0,0,0,0,0,15,3,5,0.026,6,2,0,0,0,2,2,2,2,2,0
okhttp,0,1,0,0,0,0,0,0,0,9,3,3,0.015,4,2,0,0,0,2,2,2,2,2,0
okhttp,0,1,0,0,0,0,0,0,0,14,2,4,0.01,7,2,0,0,0,2,2,2,2,2,0
okhttp,0,1,0,0,0,0,0,0,0,16,2,5,0.008,6,2,0,0,0,2,2,2,2,2,0
okhttp,0,1,0,0,0,0,0,0,0,15,6,3,0.02,4,2,0,0,0,2,2,2,2,2,0
okhttp,0,1,0,0,0,1,0,0,0,20,5,4,0.791,9,3,0,0,0,2,2,2,2,2,0
okhttp,0,1,0,0,0,1,0,0,0,20,5,4,0.02,8,2,0,0,0,2,2,2,2,2,0
okhttp,0,1,0,0,0,0,0,0,0,15,3,6,0.028,7,2,0,0,0,2,2,2,2,2,0
okhttp,0,1,0,0,0,0,0,0,0,13,6,5,0.014,6,2,0,0,0,2,2,2,2,2,0
okhttp,0,0,0,0,0,0,0,0,0,13,0,8,0.019,9,2,0,0,0,2,2,2,2,2,0
okhttp,0,1,0,0,0,0,0,0,0,15,3,6,0.037,7,2,0,0,0,2,2,2,2,2,0
okhttp,0,0,0,0,0,0,0,0,0,20,1,6,0.032,9,2,0,0,0,2,2,2,2,2,0
okhttp,0,1,0,0,0,0,0,0,0,17,2,6,0.002,9,3,0,0,0,2,2,2,2,2,0
okhttp,0,1,0,0,0,0,0,0,0,17,3,6,0.028,7,2,0,0,0,2,2,2,2,2,0
okhttp,0,1,0,0,0,0,0,0,0,15,6,4,0.026,5,2,0,0,0,2,2,2,2,2,0
okhttp,0,0,0,0,0,0,0,0,0,6,1,3,0.031,4,2,0,0,0,2,2,2,2,2,0
okhttp,0,1,0,0,0,0,0,0,0,14,3,4,0.021,5,2,0,0,0,2,2,2,2,2,0
okhttp,0,0,0,0,0,0,0,0,0,5,0,5,0.019,6,2,0,0,0,2,2,2,2,2,0
okhttp,0,1,0,0,0,0,0,0,0,15,3,0,0.83,4,3,0,0,0,2,2,2,2,2,0
okhttp,0,1,0,0,0,0,0,0,0,9,3,3,0.034,4,2,0,0,0,2,2,2,2,2,0
okhttp,0,1,0,0,0,0,0,0,0,14,2,4,0.012,7,2,0,0,0,2,2,2,2,2,0
okhttp,0,1,0,0,0,0,0,0,0,16,2,5,0.011,6,2,0,0,0,2,2,2,2,2,0
okhttp,0,1,0,0,0,0,0,0,0,15,6,3,0.031,4,2,0,0,0,2,2,2,2,2,0
okhttp,0,1,0,0,0,0,0,0,0,15,3,6,0.023,7,2,0,0,0,2,2,2,2,2,0
okhttp,0,1,0,0,0,0,0,0,0,13,6,5,0.016,6,2,0,0,0,2,2,2,2,2,0
okhttp,0,0,0,0,0,0,0,0,0,13,0,8,0.035,9,2,0,0,0,2,2,2,2,2,0
okhttp,0,1,0,0,0,0,0,0,0,15,3,6,0.03,8,2,0,0,0,2,2,2,2,2,0
okhttp,0,1,0,0,0,0,0,0,0,13,2,1,0.071,1,1,0,0,0,0,0,0,0,0,0
okhttp,0,0,0,0,0,0,0,0,0,3,0,1,0.03,1,1,0,0,0,0,0,0,0,0,0
okhttp,0,0,0,0,0,0,0,0,0,2,0,1,0.062,1,1,0,0,0,0,0,0,0,0,0
okhttp,0,0,0,0,0,0,0,0,0,3,0,1,0.021,1,1,0,0,0,0,0,0,0,0,0
okhttp,0,0,0,0,0,0,0,0,0,2,0,1,0.069,1,1,0,0,0,0,0,0,0,0,0
okhttp,0,0,0,0,0,0,0,0,0,8,1,1,0.133,1,1,0,0,0,0,0,0,0,0,0
okhttp,0,0,0,0,0,0,0,0,0,2,0,1,0.07,1,1,0,0,0,0,0,0,0,0,0
okhttp,0,0,0,0,0,0,0,0,0,4,0,1,0.083,1,1,0,0,0,0,0,0,0,0,0
okhttp,0,1,0,0,0,0,0,0,0,16,2,1,0.042,1,1,0,0,0,0,0,0,0,0,0
okhttp,0,0,0,0,0,0,0,0,0,5,0,1,0.07,1,1,0,0,0,0,0,0,0,0,0
okhttp,0,1,0,0,0,0,0,0,0,18,2,1,0.024,2,2,0,0,0,2,2,2,2,2,0
okhttp,1,0,0,0,0,0,0,0,0,2,0,1,1.149,3,3,0,0,0,2,2,2,2,2,0
okhttp,0,0,0,0,0,0,0,0,0,2,0,1,0.218,3,3,0,0,0,2,2,2,2,2,0
okhttp,0,0,0,0,0,1,0,0,0,2,0,4,0.056,13,5,0,0,0,2,2,2,2,2,0
okhttp,0,1,0,0,0,0,0,0,0,9,2,1,0.046,1,1,0,0,0,0,0,0,0,0,0
okhttp,0,1,0,0,0,0,0,0,0,9,2,1,0.025,1,1,0,0,0,0,0,0,0,0,0
okhttp,0,1,0,0,0,0,0,0,0,9,2,1,0.02,1,1,0,0,0,0,0,0,0,0,0
okhttp,0,1,0,0,0,0,0,0,0,27,8,1,0.249,1,1,0,0,0,0,0,0,0,0,0
okhttp,0,1,0,0,0,0,0,0,0,15,6,1,0.086,1,1,0,0,0,0,0,0,0,0,0
okhttp,0,1,0,0,0,0,0,0,0,9,2,1,0.069,1,1,0,0,0,0,0,0,0,0,0
okhttp,0,0,0,0,0,0,0,0,0,11,1,1,0.135,1,1,0,0,0,0,0,0,0,0,0
okhttp,0,1,0,0,0,0,0,0,0,16,3,1,0.05,1,1,0,0,0,0,0,0,0,0,0
okhttp,0,1,0,0,0,0,0,0,0,15,3,1,0.025,1,1,0,0,0,0,0,0,0,0,0
okhttp,0,1,0,0,0,0,0,0,0,14,4,5,0.001,10,1,0,0,0,2,2,2,2,2,0
okhttp,0,0,0,0,0,0,0,0,0,2,0,1,0.13,1,1,0,0,0,0,0,0,0,0,0
okhttp,0,0,0,0,0,1,0,0,0,8,1,4,0.011,8,1,0,0,0,2,2,2,2,2,0
okhttp,0,0,0,0,0,0,0,0,0,4,1,1,0.122,1,1,0,0,0,0,0,0,0,0,0
okhttp,0,0,0,0,0,0,0,0,0,4,0,1,0.036,1,1,0,0,0,0,0,0,0,0,0
okhttp,0,1,0,0,0,0,0,0,0,9,2,1,0.13,1,1,0,0,0,0,0,0,0,0,0
okhttp,0,0,0,0,0,0,0,0,0,2,0,1,0.041,1,1,0,0,0,0,0,0,0,0,0
okhttp,1,0,0,0,0,0,0,0,0,7,1,1,0.131,1,1,0,0,0,0,0,0,0,0,0
okhttp,0,0,0,0,0,0,0,0,0,2,0,1,0.066,1,1,0,0,0,0,0,0,0,0,0
okhttp,0,0,0,0,0,0,0,0,0,4,0,1,0.11,1,1,0,0,0,0,0,0,0,0,0
okhttp,0,1,0,0,0,0,0,0,0,15,4,1,0.041,1,1,0,0,0,0,0,0,0,0,0
okhttp,0,1,0,0,0,0,0,0,0,15,4,1,0.034,1,1,0,0,0,0,0,0,0,0,0
okhttp,0,1,0,0,0,0,0,0,0,16,4,1,0.047,1,1,0,0,0,0,0,0,0,0,0
okhttp,0,1,0,0,0,0,0,0,0,16,4,1,0.045,1,1,0,0,0,0,0,0,0,0,0
okhttp,0,0,0,0,0,0,0,0,0,5,0,1,0.023,1,1,0,0,0,0,0,0,0,0,0
okhttp,0,0,0,0,0,0,0,0,0,3,0,1,0.027,1,1,0,0,0,0,0,0,0,0,0
okhttp,0,0,0,0,0,0,0,0,0,2,0,1,0.028,1,1,0,0,0,0,0,0,0,0,0
okhttp,0,0,0,0,0,0,0,0,0,8,1,1,0.141,1,1,0,0,0,0,0,0,0,0,0
okhttp,0,0,0,0,0,0,0,0,0,5,0,1,0.07,1,1,0,0,0,0,0,0,0,0,0
okhttp,0,0,0,0,0,0,0,0,0,4,0,1,0.082,1,1,0,0,0,0,0,0,0,0,0
okhttp,0,0,0,0,0,0,0,0,0,4,0,1,0.041,1,1,0,0,0,0,0,0,0,0,0
okhttp,0,0,0,0,0,0,0,0,0,4,0,1,0.042,1,1,0,0,0,0,0,0,0,0,0
okhttp,0,0,0,0,0,0,0,0,0,4,0,1,0.022,1,1,0,0,0,0,0,0,0,0,0
okhttp,0,1,0,0,0,0,0,0,0,11,2,1,0.09,1,1,0,0,0,0,0,0,0,0,0
okhttp,0,0,0,0,0,0,0,0,0,4,0,5,0.054,5,1,0,0,0,2,2,2,2,2,0
okhttp,0,0,0,0,0,0,0,0,0,4,0,5,0.021,5,1,0,0,0,2,2,2,2,2,0
okhttp,0,1,0,0,0,0,0,0,0,16,3,5,0.11,5,1,0,0,0,2,2,2,2,2,0
okhttp,0,0,0,0,0,1,0,0,0,15,1,4,0.037,6,1,0,0,0,2,2,2,2,2,0
okhttp,0,1,0,0,0,0,0,0,0,17,2,1,0.08,1,1,0,0,0,0,0,0,0,0,0
okhttp,0,0,0,0,0,0,0,0,0,2,0,1,0.122,1,1,0,0,0,0,0,0,0,0,0
okhttp,0,1,0,0,0,0,0,0,0,20,3,1,0.111,1,1,0,0,0,0,0,0,0,0,0
okhttp,0,0,0,0,0,0,0,0,0,2,0,1,0.083,1,1,0,0,0,0,0,0,0,0,0
okhttp,0,0,0,0,0,0,0,0,0,8,1,1,0.123,1,1,0,0,0,0,0,0,0,0,0
okhttp,0,0,0,0,0,0,0,0,0,2,0,1,0.116,1,1,0,0,0,0,0,0,0,0,0
okhttp,0,1,0,0,0,0,0,0,0,22,9,1,0.076,1,1,0,0,0,0,0,0,0,0,0
okhttp,0,1,0,0,0,0,0,0,0,14,2,1,0.082,1,1,0,0,0,0,0,0,0,0,0
okhttp,0,1,0,0,0,0,0,0,0,13,2,1,0.073,1,1,0,0,0,0,0,0,0,0,0
okhttp,0,1,0,0,0,0,0,0,0,14,3,1,0.014,1,1,0,0,0,0,0,0,0,0,0
okhttp,0,1,0,0,0,0,0,0,0,12,2,1,0.089,1,1,0,0,0,0,0,0,0,0,0
okhttp,0,0,0,0,0,0,0,0,0,2,0,1,0.012,2,1,0,0,0,2,2,2,2,2,0
okhttp,0,0,0,0,0,0,0,0,0,2,0,1,0.03,2,1,0,0,0,2,2,2,2,2,0
okhttp,0,0,0,0,0,0,0,0,0,3,0,1,0.032,2,1,0,0,0,2,2,2,2,2,0
okhttp,0,0,0,0,0,0,0,0,0,2,0,1,0.038,2,1,0,0,0,2,2,2,2,2,0
okhttp,0,0,0,0,0,0,0,0,0,3,0,1,0.052,6,1,0,0,0,2,2,2,2,2,0
okhttp,0,0,0,0,0,0,0,0,0,2,0,1,0.029,6,1,0,0,0,2,2,2,2,2,0
okhttp,0,0,0,0,0,0,0,0,0,2,0,1,0.065,2,1,0,0,0,2,2,2,2,2,0
okhttp,0,1,0,0,0,0,0,0,0,12,2,1,0.075,1,1,0,0,0,0,0,0,0,0,0
okhttp,0,1,0,1,0,0,0,0,0,13,4,3,0.028,6,1,0,0,0,2,2,2,2,2,0
okhttp,0,1,0,1,0,0,0,0,0,13,5,1,0.019,1,1,0,0,0,0,0,0,0,0,0
okhttp,0,1,0,1,0,0,0,0,0,10,3,0,0.698,3,2,0,0,0,2,2,2,2,2,0
okhttp,0,1,0,1,0,0,0,0,0,11,4,3,0.059,6,1,0,0,0,2,2,2,2,2,0
okhttp,0,1,0,0,0,0,0,0,0,14,2,1,0.091,1,1,0,0,0,0,0,0,0,0,0
okhttp,0,1,0,0,1,1,0,0,0,32,8,9,0.035,10,3,0,0,0,2,2,2,2,2,0
okhttp,0,0,0,0,1,0,0,0,0,17,1,3,0.021,4,3,0,0,0,2,2,2,2,2,0
okhttp,0,1,0,0,1,0,0,0,0,24,2,6,0.03,9,4,0,0,0,2,2,2,2,2,0
okhttp,1,0,0,0,0,0,0,0,0,3,0,1,0.022,1,1,0,0,0,0,0,0,0,0,0
okhttp,0,0,0,0,0,0,0,0,0,2,0,1,0.044,5,3,0,0,0,2,2,2,2,2,0
okhttp,0,0,0,0,0,1,0,0,0,2,0,2,0.039,6,3,0,0,0,2,2,2,2,2,0
okhttp,0,0,0,0,0,1,0,0,0,2,0,5,0.024,12,3,0,0,0,2,2,2,2,2,0
okhttp,0,1,0,1,0,0,0,0,0,20,5,1,0.086,1,1,0,0,0,0,0,0,0,0,0
okhttp,1,0,0,0,0,0,0,0,0,38,0,1,1.054,1,1,0,0,0,0,0,0,0,0,0
okhttp,0,1,0,0,0,0,0,0,0,13,3,1,0.022,1,1,0,0,0,0,0,0,0,0,0
okhttp,0,1,0,0,0,0,0,0,0,15,3,1,0.081,1,1,0,0,0,0,0,0,0,0,0
okhttp,1,1,0,0,0,0,0,0,0,13,3,1,0.054,1,1,0,0,0,0,0,0,0,0,0
okhttp,1,1,0,0,0,0,0,0,0,9,2,1,0.024,1,1,0,0,0,0,0,0,0,0,0
okhttp,0,1,0,0,0,0,0,0,0,32,4,1,0.025,1,1,0,0,0,0,0,0,0,0,0
okhttp,0,1,0,1,0,0,0,0,0,33,10,1,0.025,1,1,0,0,0,0,0,0,0,0,0
okhttp,0,1,0,1,0,0,0,0,0,34,4,1,0.035,1,1,0,0,0,0,0,0,0,0,0
okhttp,0,1,0,1,0,0,0,0,0,27,7,1,0.011,1,1,0,0,0,0,0,0,0,0,0
okhttp,0,0,0,0,0,1,0,0,0,2,0,2,0.027,4,3,0,0,0,2,2,2,2,2,0
okhttp,0,0,0,0,0,0,0,0,0,2,0,1,0.053,3,3,0,0,0,2,2,2,2,2,0
okhttp,0,1,0,0,0,0,0,0,0,12,2,1,0.055,1,1,0,0,0,0,0,0,0,0,0
okhttp,0,1,0,0,0,0,0,0,0,17,2,1,0.027,1,1,0,0,0,0,0,0,0,0,0
okhttp,0,1,0,1,0,0,0,0,0,17,9,1,0.064,1,1,0,0,0,0,0,0,0,0,0
okhttp,1,1,0,1,0,0,0,0,0,17,9,1,0.108,1,1,0,0,0,0,0,0,0,0,0
okhttp,0,1,0,1,0,0,0,0,0,13,9,1,0.013,1,1,0,0,0,0,0,0,0,0,0
okhttp,0,1,0,1,0,0,0,0,0,59,3,1,0.03,1,1,0,0,0,0,0,0,0,0,0
okhttp,0,1,0,0,0,0,0,0,0,10,2,1,0.077,1,1,0,0,0,0,0,0,0,0,0
okhttp,0,1,0,0,0,0,0,0,0,10,2,1,0.086,1,1,0,0,0,0,0,0,0,0,0
okhttp,0,1,0,0,0,0,0,0,0,20,2,1,0.113,1,1,0,0,0,0,0,0,0,0,0
okhttp,0,1,0,0,0,0,0,0,0,9,2,1,0.08,1,1,0,0,0,0,0,0,0,0,0
okhttp,0,1,0,0,0,0,0,0,0,14,2,1,0.022,1,1,0,0,0,0,0,0,0,0,0
okhttp,0,1,0,0,0,0,0,0,0,9,2,1,0.026,1,1,0,0,0,0,0,0,0,0,0
okhttp,0,1,0,0,0,0,0,0,0,11,2,1,0.078,1,1,0,0,0,0,0,0,0,0,0
okhttp,0,1,0,0,0,0,0,0,0,15,2,1,0.068,1,1,0,0,0,0,0,0,0,0,0
okhttp,0,1,0,0,0,0,0,0,0,11,2,1,0.08,1,1,0,0,0,0,0,0,0,0,0
okhttp,0,1,0,0,0,0,0,0,0,14,2,1,0.028,1,1,0,0,0,0,0,0,0,0,0
okhttp,0,1,0,0,0,0,0,0,0,19,2,1,0.051,1,1,0,0,0,0,0,0,0,0,0
okhttp,0,1,0,0,0,0,0,0,0,19,2,1,0.084,1,1,0,0,0,0,0,0,0,0,0
okhttp,0,1,0,0,0,0,0,0,0,17,2,1,0.035,1,1,0,0,0,0,0,0,0,0,0
okhttp,0,1,0,0,0,0,0,0,0,17,2,1,0.114,1,1,0,0,0,0,0,0,0,0,0
okhttp,0,1,0,0,0,1,0,0,0,25,2,6,0.035,8,3,0,0,2,2,2,2,2,2,0
okhttp,0,1,0,0,0,0,0,0,0,20,5,6,0.039,7,3,0,0,2,2,2,2,2,2,0
okhttp,0,1,0,0,0,0,0,0,0,23,6,6,0.015,8,3,0,0,2,2,2,2,2,2,0
okhttp,0,1,0,0,0,1,0,0,0,20,3,9,0.046,9,3,0,0,2,2,2,2,2,2,0
okhttp,0,1,0,0,0,1,0,0,0,19,3,4,0.018,5,3,0,0,2,2,2,2,2,2,0
okhttp,0,1,0,0,0,0,0,0,0,31,6,1,0.92,5,4,0,0,2,2,2,2,2,2,0
okhttp,0,1,0,0,0,1,0,0,0,29,2,5,0.012,6,3,0,0,2,2,2,2,2,2,0
okhttp,0,1,0,0,0,1,0,0,0,19,4,5,0.017,6,3,0,0,2,2,2,2,2,2,0
okhttp,0,1,0,0,0,1,0,0,0,42,5,6,0.022,11,3,0,0,2,2,2,2,2,2,0
okhttp,0,1,0,0,0,1,0,0,0,24,2,6,0.141,7,3,0,0,2,2,2,2,2,2,0
okhttp,0,1,0,0,0,1,0,0,0,42,5,6,0.031,11,3,0,0,2,2,2,2,2,2,0
okhttp,0,1,0,0,0,0,0,0,0,77,15,26,0.029,31,3,0,0,2,2,2,2,2,2,0
okhttp,0,1,0,0,0,0,0,0,0,17,4,6,0.036,7,3,0,0,2,2,2,2,2,2,0
okhttp,0,1,0,0,0,0,0,0,0,13,2,9,0.072,11,6,0,0,2,2,2,2,2,2,0
okhttp,1,0,0,0,0,0,0,0,0,3,0,10,0.039,12,7,0,0,2,2,2,2,2,2,0
okhttp,0,0,0,0,0,0,0,0,0,2,0,10,0.032,12,7,0,0,2,2,2,2,2,2,0
okhttp,0,0,0,0,0,0,0,0,0,3,0,10,0.035,12,7,0,0,2,2,2,2,2,2,0
okhttp,1,1,0,0,0,0,0,0,0,31,7,9,1.06,14,8,0,0,2,2,2,2,2,2,0
okhttp,0,0,0,0,0,0,0,0,0,2,0,10,0.084,12,7,0,0,2,2,2,2,2,2,0
okhttp,0,0,0,0,0,0,0,0,0,8,1,10,0.115,12,7,0,0,2,2,2,2,2,2,0
okhttp,0,0,0,0,0,0,0,0,0,2,0,9,0.08,11,6,0,0,2,2,2,2,2,2,0
okhttp,1,0,0,0,0,0,0,0,0,4,0,9,0.078,11,6,0,0,2,2,2,2,2,2,0
okhttp,0,1,0,0,0,0,0,0,0,19,2,10,0.055,12,7,0,0,2,2,2,2,2,2,0
okhttp,0,0,0,0,0,0,0,0,0,5,0,9,0.071,11,6,0,0,2,2,2,2,2,2,0
okhttp,0,1,0,0,0,0,0,0,0,18,2,9,0.016,11,4,0,0,2,2,2,2,2,2,0
okhttp,0,0,0,0,0,0,0,0,0,2,0,9,1.132,13,8,0,0,2,2,2,2,2,2,0
okhttp,1,0,0,0,0,0,0,0,0,2,0,9,0.15,13,8,0,0,2,2,2,2,2,2,0
okhttp,1,0,0,0,0,1,0,0,0,2,0,12,0.047,24,10,0,0,2,2,2,2,2,2,0
okhttp,1,1,0,0,0,0,0,0,0,9,2,6,0.038,8,3,0,0,2,2,2,2,2,2,0
okhttp,0,1,0,0,0,0,0,0,0,9,2,10,0.054,12,7,0,0,2,2,2,2,2,2,0
okhttp,0,1,0,0,0,0,0,0,0,9,2,10,0.023,12,7,0,0,2,2,2,2,2,2,0
okhttp,0,1,0,0,0,0,0,0,0,42,8,10,0.073,12,7,0,0,2,2,2,2,2,2,0
okhttp,0,1,0,0,0,0,0,0,0,15,6,10,0.082,12,7,0,0,2,2,2,2,2,2,0
okhttp,1,1,0,0,0,0,0,0,0,9,2,9,0.075,11,6,0,0,2,2,2,2,2,2,0
okhttp,0,0,0,0,0,0,0,0,0,11,1,10,0.14,12,7,0,0,2,2,2,2,2,2,0
okhttp,0,1,0,0,0,0,0,0,0,16,3,10,0.027,12,7,0,0,2,2,2,2,2,2,0
okhttp,0,1,0,0,0,0,0,0,0,15,3,10,0.012,12,7,0,0,2,2,2,2,2,2,0
okhttp,0,1,0,0,0,0,0,0,0,14,4,5,0.001,12,2,0,0,2,2,2,2,2,2,0
okhttp,0,0,0,0,0,1,0,0,0,8,1,10,0,16,6,0,0,2,2,2,2,2,2,0
okhttp,1,0,0,0,0,0,0,0,0,4,1,10,0.025,12,7,0,0,2,2,2,2,2,2,0
okhttp,0,0,0,0,0,0,0,0,0,4,0,10,0.033,12,7,0,0,2,2,2,2,2,2,0
okhttp,0,1,0,0,0,0,0,0,0,9,2,10,0.128,12,7,0,0,2,2,2,2,2,2,0
okhttp,0,0,0,0,0,0,0,0,0,2,0,10,0.04,12,7,0,0,2,2,2,2,2,2,0
okhttp,0,0,0,0,0,0,0,0,0,7,1,10,0.133,12,7,0,0,2,2,2,2,2,2,0
okhttp,0,0,0,0,0,0,0,0,0,2,0,10,0.062,12,7,0,0,2,2,2,2,2,2,0
okhttp,0,0,0,0,0,0,0,0,0,4,0,10,0.139,12,7,0,0,2,2,2,2,2,2,0
okhttp,1,1,0,0,0,0,0,0,0,15,4,10,0.036,12,7,0,0,2,2,2,2,2,2,0
okhttp,0,1,0,0,0,0,0,0,0,15,4,10,0.046,12,7,0,0,2,2,2,2,2,2,0
okhttp,0,1,0,0,0,0,0,0,0,16,4,10,0.024,12,7,0,0,2,2,2,2,2,2,0
okhttp,0,1,0,0,0,0,0,0,0,16,4,10,0.051,12,7,0,0,2,2,2,2,2,2,0
okhttp,0,0,0,0,0,0,0,0,0,5,0,10,0.036,12,7,0,0,2,2,2,2,2,2,0
okhttp,1,0,0,0,0,0,0,0,0,3,0,10,0.039,12,7,0,0,2,2,2,2,2,2,0
okhttp,0,0,0,0,0,0,0,0,0,2,0,10,0.059,12,7,0,0,2,2,2,2,2,2,0
okhttp,0,0,0,0,0,0,0,0,0,8,1,10,0.125,12,7,0,0,2,2,2,2,2,2,0
okhttp,0,0,0,0,0,0,0,0,0,5,0,10,0.071,12,7,0,0,2,2,2,2,2,2,0
okhttp,0,0,0,0,0,0,0,0,0,4,0,10,0.09,12,7,0,0,2,2,2,2,2,2,0
okhttp,1,0,0,0,0,0,0,0,0,4,0,10,0.029,12,7,0,0,2,2,2,2,2,2,0
okhttp,1,0,0,0,0,0,0,0,0,4,0,10,0.093,12,7,0,0,2,2,2,2,2,2,0
okhttp,0,0,0,0,0,0,0,0,0,4,0,10,0.026,12,7,0,0,2,2,2,2,2,2,0
okhttp,1,1,0,0,0,0,0,0,0,11,2,10,0.077,12,7,0,0,2,2,2,2,2,2,0
okhttp,0,0,0,0,0,0,0,0,0,4,0,14,0.072,16,7,0,0,2,2,2,2,2,2,0
okhttp,0,0,0,0,0,0,0,0,0,4,0,14,0.032,16,7,0,0,2,2,2,2,2,2,0
okhttp,0,1,0,0,0,0,0,0,0,16,3,14,0.087,16,7,0,0,2,2,2,2,2,2,0
okhttp,0,1,0,0,0,0,0,0,0,17,2,9,0.09,11,6,0,0,2,2,2,2,2,2,0
okhttp,0,1,0,0,0,0,0,0,0,25,3,10,0.083,12,7,0,0,2,2,2,2,2,2,0
okhttp,0,0,0,0,0,0,0,0,0,2,0,10,0.081,12,7,0,0,2,2,2,2,2,2,0
okhttp,0,0,0,0,0,0,0,0,0,8,1,10,0.134,12,7,0,0,2,2,2,2,2,2,0
okhttp,0,1,0,0,0,0,0,0,0,22,9,10,0.071,12,7,0,0,2,2,2,2,2,2,0
okhttp,0,1,0,0,0,0,0,0,0,14,2,10,0.079,12,7,0,0,2,2,2,2,2,2,0
okhttp,0,1,0,0,0,0,0,0,0,13,2,10,0.077,12,7,0,0,2,2,2,2,2,2,0
okhttp,0,1,0,0,0,0,0,0,0,14,3,10,0.041,12,7,0,0,2,2,2,2,2,2,0
okhttp,0,1,0,0,0,0,0,0,0,12,2,10,0.08,12,7,0,0,2,2,2,2,2,2,0
okhttp,0,1,0,0,0,0,0,0,0,12,2,10,0.068,12,7,0,0,2,2,2,2,2,2,0
okhttp,0,0,0,0,0,0,0,0,0,10,1,12,0.033,17,7,0,0,2,2,2,2,2,2,0
okhttp,0,1,0,0,0,0,0,0,0,10,2,10,0.027,12,7,0,0,2,2,2,2,2,2,0
okhttp,1,0,0,0,0,0,0,0,0,7,0,8,0.005,13,3,0,0,2,2,2,2,2,2,0
okhttp,0,0,0,0,0,0,0,0,0,8,1,12,0.025,17,7,0,0,2,2,2,2,2,2,0
okhttp,1,1,0,0,0,0,0,0,0,14,2,10,0.083,12,7,0,0,2,2,2,2,2,2,0
okhttp,0,0,0,0,0,0,0,0,0,6,0,10,0.034,13,7,0,0,2,2,2,2,2,2,0
okhttp,0,0,0,0,0,0,0,0,0,6,0,9,0.042,12,6,0,0,2,2,2,2,2,2,0
okhttp,0,0,0,0,0,0,0,0,0,25,1,2,0.019,4,3,0,0,2,2,2,2,2,2,0
okhttp,1,0,0,0,0,0,0,0,0,2,0,10,0.025,16,9,0,0,2,2,2,2,2,2,0
okhttp,0,0,0,0,0,0,0,0,0,2,0,10,0.04,16,9,0,0,2,2,2,2,2,2,0
okhttp,0,0,0,0,0,1,0,0,0,2,0,13,0.04,21,9,0,0,2,2,2,2,2,2,0
okhttp,1,1,0,0,0,0,0,0,0,16,2,10,0.097,12,7,0,0,2,2,2,2,2,2,0
okhttp,0,1,0,0,0,0,0,0,0,13,3,11,0.038,13,7,0,0,2,2,2,2,2,2,0
okhttp,0,1,0,0,0,0,0,0,0,15,3,10,0.086,12,7,0,0,2,2,2,2,2,2,0
okhttp,0,1,0,0,0,0,0,0,0,13,3,10,0.068,12,7,0,0,2,2,2,2,2,2,0
okhttp,0,1,0,0,0,0,0,0,0,9,2,9,0.025,11,6,0,0,2,2,2,2,2,2,0
okhttp,0,1,0,0,0,0,0,0,0,29,7,6,0.009,8,3,0,0,2,2,2,2,2,2,0
okhttp,0,1,0,0,0,0,0,0,0,31,2,9,0.168,11,6,0,0,2,2,2,2,2,2,0
okhttp,0,1,0,0,0,0,0,0,0,25,5,6,0.012,8,3,0,0,2,2,2,2,2,2,0
okhttp,0,0,0,0,0,1,0,0,0,2,0,10,0.158,14,8,0,0,2,2,2,2,2,2,0
okhttp,0,0,0,0,0,1,0,0,0,2,0,10,0.191,14,8,0,0,2,2,2,2,2,2,0
okhttp,1,1,0,0,0,0,0,0,0,12,2,10,0.047,12,7,0,0,2,2,2,2,2,2,0
okhttp,1,1,0,0,0,0,0,0,0,11,2,9,0.05,11,6,0,0,2,2,2,2,2,2,0
okhttp,0,1,0,0,0,0,0,0,0,10,2,9,0.1,11,6,0,0,2,2,2,2,2,2,0
okhttp,0,1,0,0,0,0,0,0,0,10,2,9,0.034,11,6,0,0,2,2,2,2,2,2,0
okhttp,0,1,0,1,0,0,0,0,0,16,2,2,0.006,7,3,0,0,0,2,2,2,2,2,0
okhttp,0,1,0,1,0,0,0,0,0,15,2,4,0.013,9,3,0,0,0,2,2,2,2,2,0
okhttp,0,1,0,1,0,0,0,0,0,30,3,2,0.007,9,3,0,0,0,2,2,2,2,2,0
okhttp,0,0,0,1,0,0,0,0,0,45,1,2,0.009,6,3,0,0,0,2,2,2,2,2,0
okhttp,0,1,0,1,0,0,0,0,0,12,2,2,0.001,9,3,0,0,0,2,2,2,2,2,0
okhttp,0,1,0,1,0,0,0,0,0,38,6,2,0.022,11,3,0,0,0,2,2,2,2,2,0
okhttp,0,1,0,1,0,0,0,0,0,16,2,2,0,7,3,0,0,0,2,2,2,2,2,0
okhttp,0,1,0,1,0,0,0,0,0,33,4,2,0.009,7,3,0,0,0,2,2,2,2,2,0
okhttp,0,1,0,1,0,0,0,0,0,15,2,2,0.002,7,3,0,0,0,2,2,2,2,2,0
okhttp,0,1,0,1,0,0,0,0,0,15,2,2,0.001,7,3,0,0,0,2,2,2,2,2,0
okhttp,0,1,0,1,0,0,0,0,0,17,3,2,0.001,6,3,0,0,0,2,2,2,2,2,0
okhttp,0,1,0,1,0,0,0,0,0,19,3,4,0.002,9,3,0,0,0,2,2,2,2,2,0
okhttp,0,1,0,1,0,0,0,0,0,12,2,2,0.001,9,3,0,0,0,2,2,2,2,2,0
okhttp,0,1,0,1,0,0,0,0,0,7,3,6,0.009,7,1,0,0,0,2,2,2,2,2,0
okhttp,0,1,0,1,0,0,0,0,0,12,3,6,0.005,7,1,0,0,0,2,2,2,2,2,0
okhttp,0,0,0,0,0,0,0,0,0,5,0,0,0.003,2,1,0,0,0,2,2,2,2,2,0
okhttp,0,0,0,0,0,0,0,0,0,9,0,0,0.005,2,1,0,0,0,2,2,2,2,2,0
okhttp,0,1,0,1,0,0,0,0,0,8,3,7,0.009,8,1,0,0,0,2,2,2,2,2,0
okhttp,0,0,0,0,0,0,0,0,0,8,0,0,0.007,2,1,0,0,0,2,2,2,2,2,0
okhttp,0,1,0,1,0,0,0,0,0,5,3,4,0.034,5,1,0,0,0,2,2,2,2,2,0
okhttp,0,0,0,0,0,0,0,0,0,9,0,0,0.009,2,1,0,0,0,2,2,2,2,2,0
okhttp,0,0,0,0,0,0,0,0,0,2,0,0,0.005,2,1,0,0,0,2,2,2,2,2,0
okhttp,0,1,0,0,0,1,0,0,0,13,9,11,0.02,24,2,0,0,0,2,2,2,2,2,0
okhttp,0,1,0,0,0,1,0,0,0,13,9,7,0.075,19,2,0,0,0,2,2,2,2,2,0
okhttp,1,0,0,0,0,1,0,0,0,11,1,7,0.063,20,2,0,0,0,2,2,2,2,2,0
okhttp,1,0,0,0,0,0,0,0,0,2,0,2,0.018,14,2,0,0,0,2,2,2,2,2,0
okhttp,0,0,0,0,0,0,0,0,0,2,0,2,0.027,16,3,0,0,0,2,2,2,2,2,0
okhttp,0,1,0,0,0,0,0,0,0,27,2,2,0.159,14,2,0,0,0,2,2,2,2,2,0
okhttp,0,1,0,1,0,0,0,0,0,33,3,2,0.178,14,2,0,0,0,2,2,2,2,2,0
okhttp,0,1,0,0,0,0,0,0,0,3,2,2,0.032,3,1,0,0,0,2,2,2,2,2,0
okhttp,0,0,0,0,0,0,0,0,0,9,0,1,0.042,2,1,0,0,0,2,2,2,2,2,0
okhttp,0,1,0,0,0,1,0,0,0,10,2,4,0.024,6,1,0,0,0,2,2,2,2,2,0
okhttp,0,0,0,0,0,1,0,0,0,9,1,3,0.004,5,1,0,0,0,2,2,2,2,2,0
okhttp,0,0,0,0,0,1,0,0,0,9,1,3,0.004,5,1,0,0,0,2,2,2,2,2,0
okhttp,0,1,0,0,0,1,0,0,0,10,2,4,0.023,6,1,0,0,0,2,2,2,2,2,0
okhttp,1,0,0,0,0,1,0,0,0,8,1,2,0.011,4,1,0,0,0,2,2,2,2,2,0
okhttp,1,0,0,0,0,1,0,0,0,4,0,3,0.013,4,1,0,0,0,2,2,2,2,2,0
okhttp,0,1,0,0,0,0,0,0,0,14,3,0,0.105,1,1,0,0,0,0,0,0,0,0,0
okhttp,1,0,0,0,0,1,0,0,0,2,0,11,0.168,15,1,0,0,0,2,2,2,2,2,0
okhttp,0,0,0,0,0,1,0,0,0,2,0,11,0.05,17,2,0,0,0,2,2,2,2,2,0
okhttp,1,0,0,0,0,1,0,0,0,2,0,13,0.054,18,1,0,0,0,2,2,2,2,2,0
okhttp,1,0,0,1,0,0,0,0,0,10,1,0,0.025,1,1,0,0,0,0,0,0,0,0,0
okhttp,0,1,0,1,0,0,0,0,0,15,2,0,0.028,1,1,0,0,0,0,0,0,0,0,0
okhttp,0,0,0,1,0,0,0,0,0,11,1,0,0.017,1,1,0,0,0,0,0,0,0,0,0
okhttp,1,1,0,0,0,1,0,0,0,15,4,10,0.033,12,1,0,0,0,2,2,2,2,2,0
okhttp,0,1,0,0,0,1,0,0,0,14,4,9,0.04,11,1,0,0,0,2,2,2,2,2,0
okhttp,0,1,0,0,0,1,0,0,0,15,3,8,0.027,13,1,0,0,0,2,2,2,2,2,0
okhttp,0,1,0,0,0,0,0,0,0,14,3,0,0.114,1,1,0,0,0,0,0,0,0,0,0
okhttp,1,0,0,0,0,1,0,0,0,11,1,4,0.011,6,1,0,0,0,2,2,2,2,2,0
okhttp,1,1,0,0,0,1,1,0,0,36,2,4,0.06,5,1,0,0,0,2,2,2,2,2,0
okhttp,0,0,0,0,0,1,0,0,0,3,0,10,0.028,12,3,0,0,0,2,2,2,2,2,0
okhttp,0,0,0,0,0,1,0,0,0,2,0,12,0.022,15,3,0,0,0,2,2,2,2,2,0
okhttp,0,0,0,0,0,1,0,0,0,2,0,2,0.973,15,8,0,0,0,2,2,2,2,2,0
okhttp,0,0,0,0,0,1,0,0,0,2,0,9,0.029,11,3,0,0,0,2,2,2,2,2,0
okhttp,0,0,0,0,0,1,0,0,0,6,0,12,0.03,15,3,0,0,0,2,2,2,2,2,0
okhttp,0,0,0,0,0,1,0,0,0,13,1,6,0.022,8,2,0,0,0,2,2,2,2,2,0
okhttp,0,1,0,0,0,1,0,0,0,20,2,9,0.014,11,2,0,0,0,2,2,2,2,2,0
okhttp,0,0,0,0,0,1,0,0,0,20,1,7,0.002,9,2,0,0,0,2,2,2,2,2,0
okhttp,0,1,0,0,0,1,0,0,0,18,3,4,0.004,4,1,0,0,0,2,2,2,2,2,0
okhttp,0,0,0,0,0,1,0,0,0,14,1,7,0.015,9,2,0,0,0,2,2,2,2,2,0
okhttp,0,0,0,0,0,1,0,0,0,2,0,3,0.025,4,2,0,0,0,2,2,2,2,2,0
okhttp,0,0,0,0,0,1,0,0,0,2,0,2,0.022,3,2,0,0,0,2,2,2,2,2,0
okhttp,1,0,0,0,0,1,0,0,0,2,0,4,0.013,5,2,0,0,0,2,2,2,2,2,0
okhttp,1,0,0,0,0,0,0,0,0,14,0,0,0.031,1,1,0,0,0,0,0,0,0,0,0
okhttp,0,0,0,0,0,0,0,0,0,7,0,0,0.036,1,1,0,0,0,0,0,0,0,0,0
okhttp,0,1,0,0,0,0,0,0,0,22,4,1,0.088,7,2,0,0,0,2,2,2,2,2,0
okhttp,0,0,0,1,0,0,0,0,0,3,1,2,0,3,1,0,0,0,2,2,2,2,2,0
okhttp,1,0,0,0,0,1,0,0,0,6,1,6,0.028,11,2,0,0,0,2,2,2,2,2,0
okhttp,0,0,0,0,0,0,0,0,0,8,1,0,0.037,1,1,0,0,0,0,0,0,0,0,0
okhttp,1,1,0,0,0,1,0,0,0,13,2,6,0.011,8,1,1,1,1,2,2,2,2,2,0
okhttp,0,0,0,0,0,1,0,0,0,7,1,1,0.038,3,1,0,0,0,2,2,2,2,2,0
okhttp,0,1,0,1,0,0,0,0,0,18,4,0,0.913,1,1,0,0,0,0,0,0,0,0,0
okhttp,0,0,0,0,0,1,0,0,0,2,0,17,0.065,20,3,0,0,0,2,2,2,2,2,0
okhttp,1,0,0,0,0,1,0,0,0,2,0,16,0.073,19,3,0,0,0,2,2,2,2,2,0
okhttp,0,0,0,0,0,1,0,0,0,9,1,3,0.015,5,1,0,0,0,2,2,2,2,2,0
okhttp,0,0,0,1,0,0,0,0,0,7,1,0,0.029,1,1,0,0,0,0,0,0,0,0,0
okhttp,1,0,0,0,0,1,0,0,0,6,1,5,0.026,6,1,0,0,0,2,2,2,2,2,0
okhttp,0,0,0,0,0,0,0,0,0,6,1,0,0.015,1,1,0,0,0,0,0,0,0,0,0
okhttp,0,0,0,0,0,1,0,0,0,2,0,11,0.365,16,1,0,0,0,2,2,2,2,2,0
okhttp,1,0,0,0,0,1,0,0,0,2,0,9,0.026,14,1,0,0,0,2,2,2,2,2,0
okhttp,1,0,0,0,0,1,0,0,0,2,0,9,0.034,16,1,0,0,0,2,2,2,2,2,0
okhttp,0,0,0,0,0,1,0,0,0,2,0,10,0.027,13,1,1,1,1,2,2,2,2,2,0
okhttp,0,0,0,0,0,1,0,0,0,2,0,8,0.036,12,1,1,1,1,2,2,2,2,2,0
okhttp,0,0,0,0,0,1,0,0,0,2,0,8,0.014,11,1,1,1,1,2,2,2,2,2,0
okhttp,0,0,0,0,0,0,0,0,0,12,1,0,0.899,1,1,0,0,0,0,0,0,0,0,0
okhttp,1,0,0,1,0,1,0,0,0,17,1,9,0.008,12,1,0,0,0,2,2,2,2,2,0
okhttp,1,0,0,1,0,1,0,0,0,16,1,9,0.008,11,1,0,0,0,2,2,2,2,2,0
okhttp,1,0,0,0,0,1,0,0,0,6,1,5,0.028,6,1,0,0,0,2,2,2,2,2,0
okhttp,0,0,0,0,0,1,0,0,0,5,1,4,0.027,5,1,0,0,0,2,2,2,2,2,0
okhttp,1,0,0,0,0,1,0,0,0,5,1,4,0.018,5,1,0,0,0,2,2,2,2,2,0
okhttp,0,1,0,0,0,1,0,0,0,15,3,4,0.039,7,1,0,0,0,2,2,2,2,2,0
okhttp,0,0,0,0,0,1,0,0,0,5,1,4,0.018,5,1,0,0,0,2,2,2,2,2,0
okhttp,0,0,0,0,0,1,0,0,0,5,1,4,0.014,5,1,0,0,0,2,2,2,2,2,0
okhttp,0,0,0,0,0,0,0,0,0,5,1,2,0.021,4,1,0,0,0,2,2,2,2,2,0
okhttp,0,1,0,0,0,1,0,0,0,21,2,3,0.017,7,1,0,0,0,2,2,2,2,2,0
okhttp,0,1,0,1,0,1,0,0,0,18,2,8,0.034,12,1,0,0,0,4,4,4,4,4,0
okhttp,0,0,0,1,0,1,0,0,0,11,1,4,0.034,7,1,0,0,0,2,2,2,2,2,0
okhttp,1,0,0,0,0,1,0,0,0,9,1,3,0.016,5,1,0,0,0,2,2,2,2,2,0
okhttp,1,0,0,1,0,1,0,0,0,6,1,5,0.016,6,1,0,0,0,2,2,2,2,2,0
okhttp,0,1,0,1,0,1,0,0,0,14,3,7,0.032,9,1,0,0,0,2,2,2,2,2,0
okhttp,0,0,0,0,0,0,0,0,0,2,0,5,0.091,7,3,0,0,0,2,2,2,2,2,0
okhttp,0,0,0,0,0,1,0,0,0,2,0,6,0.02,10,4,0,0,0,2,2,2,2,2,0
okhttp,0,0,0,0,0,0,0,0,0,2,0,5,0.086,8,3,0,0,0,2,2,2,2,2,0
okhttp,0,0,0,0,0,0,0,0,0,2,0,5,0.006,9,4,0,0,0,2,2,2,2,2,0
okhttp,0,1,0,1,0,0,0,0,0,17,3,0,0.025,1,1,0,0,0,0,0,0,0,0,0
okhttp,1,1,0,0,0,0,0,0,0,21,2,0,0.076,1,1,0,0,0,0,0,0,0,0,0
okhttp,0,1,0,0,0,1,0,0,0,21,2,12,0.027,16,3,0,0,0,2,2,2,2,2,0
okhttp,0,0,0,0,0,1,0,0,0,2,0,10,0.046,16,3,0,0,0,2,2,2,2,2,0
okhttp,1,0,0,0,0,1,0,0,0,2,0,9,0.023,13,3,0,0,0,2,2,2,2,2,0
okhttp,1,0,0,0,0,1,0,0,0,2,0,9,0.031,18,3,0,0,0,2,2,2,2,2,0
okhttp,0,1,0,0,0,1,0,0,0,28,4,6,0.011,9,2,0,0,0,2,2,2,2,2,0
okhttp,0,0,0,0,0,1,0,0,0,9,1,2,0.001,4,1,0,0,0,2,2,2,2,2,0
okhttp,0,0,0,0,0,1,0,0,0,7,1,1,0.001,3,1,0,0,0,2,2,2,2,2,0
okhttp,0,0,0,0,0,0,0,0,0,2,0,0,0.077,3,3,0,0,0,2,2,2,2,2,0
okhttp,0,0,0,0,0,0,0,0,0,2,0,0,0.068,3,3,0,0,0,2,2,2,2,2,0
okhttp,0,0,0,0,0,0,0,0,0,2,0,0,0.029,9,3,0,0,0,2,2,2,2,2,0
okhttp,0,0,0,0,0,1,0,0,0,13,1,3,0.03,8,1,0,0,0,2,2,2,2,2,0
okhttp,1,0,0,0,0,1,0,0,0,12,1,3,0.032,7,1,0,0,0,2,2,2,2,2,0
okhttp,0,0,0,0,0,1,0,0,0,3,1,6,0.028,13,2,0,0,0,2,2,2,2,2,0
okhttp,0,0,0,0,0,1,0,0,0,3,1,6,0.029,11,2,0,0,0,2,2,2,2,2,0
okhttp,0,1,0,0,0,0,0,0,0,28,4,0,0.093,1,1,0,0,0,0,0,0,0,0,0
okhttp,0,0,0,0,0,1,0,0,0,12,1,7,0.03,11,2,0,0,0,2,2,2,2,2,0
okhttp,0,0,0,0,0,1,0,0,0,9,1,5,0.026,8,1,0,0,0,2,2,2,2,2,0
okhttp,0,0,0,0,0,1,0,0,0,2,0,5,0.012,8,2,0,0,0,2,2,2,2,2,0
okhttp,0,0,0,0,0,1,0,0,0,2,0,5,0.01,8,2,0,0,0,2,2,2,2,2,0
okhttp,0,0,0,0,0,0,0,0,0,2,0,0,0.08,8,5,0,0,0,2,2,2,2,2,0
okhttp,1,0,0,0,0,0,0,0,0,2,0,0,0.039,2,2,0,0,0,2,2,2,2,2,0
okhttp,1,0,0,0,0,0,0,0,0,2,0,0,0.026,2,2,0,0,0,2,2,2,2,2,0
okhttp,1,0,0,0,0,0,0,0,0,2,0,0,0.029,2,2,0,0,0,2,2,2,2,2,0
okhttp,1,0,0,0,0,0,0,0,0,2,0,2,0.034,4,2,0,0,0,2,2,2,2,2,0
okhttp,1,0,0,0,0,0,0,0,0,2,0,0,0.01,2,2,0,0,0,2,2,2,2,2,0
okhttp,0,1,0,0,0,1,0,0,0,29,3,12,0.082,25,3,0,0,0,2,2,2,2,2,0
okhttp,0,0,0,0,0,1,0,0,0,31,1,13,0.025,16,2,0,0,0,2,2,2,2,2,0
okhttp,0,0,0,0,0,1,0,0,0,15,0,10,0.021,13,2,0,0,0,2,2,2,2,2,0
okhttp,0,0,0,0,0,1,0,0,0,17,0,11,0.035,14,2,0,0,0,2,2,2,2,2,0
okhttp,1,1,0,0,0,1,0,0,0,13,3,7,0.033,11,1,0,0,0,2,2,2,2,2,0
okhttp,0,1,0,1,0,1,0,0,0,21,4,10,1.024,13,1,0,0,0,2,2,2,2,2,0
okhttp,0,1,0,0,0,1,0,0,0,21,5,10,0.013,14,2,0,0,0,2,2,2,2,2,0
okhttp,0,0,0,0,0,0,0,0,0,17,1,1,0.036,3,2,0,0,0,2,2,2,2,2,0
okhttp,0,1,0,0,0,1,0,0,0,19,4,8,0.024,12,2,0,0,0,2,2,2,2,2,0
okhttp,0,1,0,1,0,0,0,0,0,24,3,1,0.07,4,1,0,0,0,2,2,2,2,2,0
okhttp,1,0,0,0,0,1,0,0,0,2,0,12,0.067,18,3,0,0,0,2,2,2,2,2,0
okhttp,0,0,0,0,0,1,0,0,0,2,0,10,0.084,16,3,0,0,0,2,2,2,2,2,0
okhttp,1,0,0,0,0,1,0,0,0,2,0,10,0.025,20,3,0,0,0,2,2,2,2,2,0
okhttp,1,0,0,0,0,0,0,0,0,2,0,0,0.104,1,1,0,0,0,0,0,0,0,0,0
okhttp,0,0,0,0,0,1,0,0,0,2,0,8,0.026,17,2,0,0,0,2,2,2,2,2,0
okhttp,0,0,0,0,0,0,0,0,0,28,1,0,0.05,4,2,0,0,0,2,2,2,2,2,0
okhttp,1,0,0,0,0,0,0,0,0,2,0,0,0.026,3,3,0,0,0,2,2,2,2,2,0
okhttp,1,0,0,0,0,0,0,0,0,2,0,1,0.012,4,3,0,0,0,2,2,2,2,2,0
okhttp,1,0,0,0,0,0,0,0,0,2,0,0,0.058,3,3,0,0,0,2,2,2,2,2,0
okhttp,0,1,0,1,0,0,0,0,0,61,13,1,0.029,1,1,0,0,0,0,0,0,0,0,0
okhttp,1,0,0,0,0,1,0,0,0,3,0,14,0.068,17,1,0,0,0,2,2,2,2,2,0
okhttp,0,0,0,0,0,1,0,0,0,2,0,14,0.068,17,1,0,0,0,2,2,2,2,2,0
okhttp,1,0,0,0,0,1,0,0,0,2,0,16,0.07,19,1,0,0,0,2,2,2,2,2,0
okhttp,1,0,0,0,0,1,0,0,0,2,0,14,0.062,17,1,0,0,0,2,2,2,2,2,0
okhttp,1,1,0,0,0,1,0,0,0,14,3,8,0.026,11,1,0,0,0,2,2,2,2,2,0
okhttp,0,0,0,0,0,1,0,0,0,2,0,15,0.071,20,1,0,0,0,2,2,2,2,2,0
okhttp,1,0,0,0,0,1,0,0,0,2,0,16,0.028,21,1,0,0,0,2,2,2,2,2,0
okhttp,1,0,0,0,0,1,0,0,0,2,0,11,0.037,18,1,0,0,0,2,2,2,2,2,0
okhttp,1,0,0,0,0,1,0,0,0,2,0,11,0.039,23,1,0,0,0,2,2,2,2,2,0
okhttp,1,1,0,0,1,1,0,0,0,30,2,11,0.052,12,3,0,0,2,2,2,2,2,2,0
okhttp,0,0,0,0,0,1,0,0,0,8,1,4,0.025,7,1,0,0,0,2,2,2,2,2,0
okhttp,1,1,0,1,0,0,0,0,0,32,14,1,0.021,1,1,0,0,0,0,0,0,0,0,0
okhttp,0,1,0,0,0,0,0,0,0,15,2,0,0.099,1,1,0,0,0,0,0,0,0,0,0
okhttp,0,0,0,0,0,1,0,0,0,2,0,6,0.01,10,2,0,0,0,2,2,2,2,2,0
okhttp,0,0,0,0,0,1,0,0,0,2,0,9,0.013,12,2,0,0,0,2,2,2,2,2,0
okhttp,0,0,0,0,0,0,0,0,0,2,0,0,0.033,1,1,0,0,0,0,0,0,0,0,0
okhttp,0,0,0,0,0,1,0,0,0,10,1,3,0.023,5,1,0,0,0,2,2,2,2,2,0
okhttp,1,0,0,0,0,1,0,0,0,10,1,3,0.025,5,1,0,0,0,2,2,2,2,2,0
okhttp,0,0,0,0,0,1,0,0,0,10,1,3,0.019,5,1,0,0,0,2,2,2,2,2,0
okhttp,0,0,0,0,0,1,0,0,0,10,1,3,0.026,5,1,0,0,0,2,2,2,2,2,0
okhttp,1,0,0,0,0,0,0,0,0,2,0,0,0.023,1,1,0,0,0,0,0,0,0,0,0
okhttp,1,0,0,0,0,0,0,0,0,2,0,0,0.057,1,1,0,0,0,0,0,0,0,0,0
okhttp,0,1,0,1,0,1,0,0,0,12,2,9,0.027,10,1,0,0,0,2,2,2,2,2,0
okhttp,0,1,0,1,0,1,0,0,0,15,3,12,0.028,13,1,0,0,0,2,2,2,2,2,0
okhttp,0,1,0,1,0,1,0,0,0,15,2,4,0.026,7,1,0,0,0,2,2,2,2,2,0
okhttp,1,0,0,0,0,1,0,0,0,3,0,1,0.019,3,1,0,0,0,2,2,2,2,2,0
okhttp,1,0,0,0,0,1,0,0,0,3,0,1,0.012,3,1,0,0,0,2,2,2,2,2,0
okhttp,1,0,0,0,0,0,0,0,0,5,0,0,0.032,1,1,0,0,0,0,0,0,0,0,0
okhttp,0,0,0,0,0,0,0,0,0,6,1,0,0.001,2,1,0,0,0,2,2,2,2,2,0
okhttp,1,0,0,0,0,0,0,0,0,6,1,0,0,2,1,0,0,0,2,2,2,2,2,0
okhttp,0,0,0,0,0,1,0,0,0,10,0,3,0.02,4,1,0,0,0,2,2,2,2,2,0
okhttp,0,1,0,0,0,0,0,0,0,24,2,0,0.029,1,1,0,0,0,0,0,0,0,0,0
okhttp,1,1,0,0,0,1,0,0,0,9,3,7,0.022,8,1,0,0,0,2,2,2,2,2,0
okhttp,0,1,0,0,0,1,0,0,0,25,2,6,0.017,10,2,0,0,3,4,4,4,4,4,0
okhttp,0,1,0,0,0,0,0,0,0,25,3,0,0.18,1,1,0,0,0,0,0,0,0,0,0
okhttp,1,1,0,0,0,1,0,0,0,21,4,11,0.031,14,1,0,0,0,2,2,2,2,2,0
okhttp,0,1,0,0,0,1,0,0,0,7,2,6,0.021,7,1,0,0,0,2,2,2,2,2,0
okhttp,1,0,0,1,0,0,0,0,0,20,1,0,19.689,1,1,0,0,0,0,0,0,0,0,0
okhttp,1,0,0,0,0,0,0,0,0,3,0,0,0.027,1,1,0,0,0,0,0,0,0,0,0
okhttp,0,0,0,0,0,1,0,0,0,3,0,5,0.029,8,2,0,0,0,2,2,2,2,2,0
okhttp,0,0,0,0,0,1,0,0,0,3,0,5,0.019,8,2,0,0,0,2,2,2,2,2,0
okhttp,1,0,0,0,0,0,0,0,0,3,0,0,0.03,1,1,0,0,0,0,0,0,0,0,0
okhttp,0,0,0,0,0,1,0,0,0,3,0,5,0.015,8,2,0,0,0,2,2,2,2,2,0
okhttp,0,0,0,0,0,1,0,0,0,3,0,6,0.016,9,2,0,0,0,2,2,2,2,2,0
okhttp,0,0,0,0,0,0,0,0,0,21,1,1,0.043,1,1,0,0,0,0,0,0,0,0,0
okhttp,0,1,0,0,0,0,0,0,0,5,2,2,0.002,2,1,0,0,0,2,2,2,2,2,1
okhttp,0,0,0,0,0,0,0,0,0,4,1,2,0.001,2,1,0,0,0,2,2,2,2,2,1
okhttp,0,1,0,0,0,0,0,0,0,23,2,1,0.003,1,1,0,0,0,0,0,0,0,0,0
okhttp,0,1,0,0,0,0,0,0,0,19,2,1,0.01,1,1,0,0,0,0,0,0,0,0,0
okhttp,0,1,0,0,0,0,0,0,0,22,3,1,0.011,1,1,0,0,0,0,0,0,0,0,0
okhttp,0,1,0,0,0,0,0,0,0,25,3,1,0.001,1,1,0,0,0,0,0,0,0,0,0
okhttp,0,0,0,0,0,0,0,0,0,5,1,2,0.004,2,1,0,0,0,2,2,2,2,2,1
okhttp,0,0,0,0,0,0,0,0,0,4,1,2,0.001,2,1,0,0,0,2,2,2,2,2,1
okhttp,0,0,0,0,0,0,0,0,0,4,1,2,0.012,2,1,0,0,0,2,2,2,2,2,1
okhttp,0,1,0,0,0,0,0,0,0,18,3,1,0.005,1,1,0,0,0,0,0,0,0,0,0
okhttp,0,1,0,0,0,0,0,0,0,15,2,1,0.046,1,1,0,0,0,0,0,0,0,0,0
okhttp,0,1,0,0,0,0,0,0,0,25,3,1,0.002,1,1,0,0,0,0,0,0,0,0,0
okhttp,0,0,0,0,0,0,0,0,0,2,1,2,0.003,2,1,0,0,0,2,2,2,2,2,1
okhttp,0,0,0,0,0,0,0,0,0,21,0,1,0.011,1,1,0,0,0,0,0,0,0,0,0
okhttp,0,0,0,0,0,0,0,0,0,21,0,1,0.016,1,1,0,0,0,0,0,0,0,0,0
okhttp,0,1,0,0,0,0,0,0,0,3,2,2,0,2,1,0,0,0,2,2,2,2,2,1
okhttp,0,1,0,0,0,0,0,0,0,49,3,1,0.005,1,1,0,0,0,0,0,0,0,0,0
okhttp,0,1,0,0,0,0,0,0,0,22,3,1,0.007,1,1,0,0,0,0,0,0,0,0,0
okhttp,0,1,0,0,0,0,0,0,0,22,2,1,0.004,1,1,0,0,0,0,0,0,0,0,0
okhttp,0,0,0,0,0,0,0,0,0,5,0,3,0,4,1,0,0,0,2,2,2,2,2,1
okhttp,0,0,0,0,0,0,0,0,0,5,0,2,0.006,2,1,0,0,0,2,2,2,2,2,1
okhttp,0,0,0,0,0,0,0,0,0,4,1,2,0.007,2,1,0,0,0,2,2,2,2,2,1
okhttp,0,1,0,0,0,0,0,0,0,15,4,1,0,1,1,0,0,0,0,0,0,0,0,0
okhttp,0,1,0,0,0,0,0,0,0,9,2,1,0.013,4,1,0,0,0,2,2,2,2,2,0
okhttp,0,1,0,0,0,1,0,0,0,28,4,6,0.041,8,3,0,0,0,2,2,2,2,2,0
okhttp,0,1,0,0,0,0,0,0,0,26,4,5,0.012,7,3,0,0,0,2,2,2,2,2,1
okhttp,0,1,0,0,0,1,0,0,0,41,7,9,0.098,11,3,0,0,0,2,2,2,2,2,0
okhttp,0,1,0,0,0,0,0,0,0,33,7,9,0.007,11,3,0,0,0,2,2,2,2,2,0
okhttp,0,1,0,0,0,1,0,0,0,30,5,8,0.036,12,3,0,0,0,2,2,2,2,2,3
okhttp,0,1,0,0,0,1,0,0,0,33,7,10,0.007,12,3,0,0,0,2,2,2,2,2,0
okhttp,0,1,0,0,0,1,0,0,0,26,4,6,0.019,8,3,0,0,0,2,2,2,2,2,0
okhttp,0,1,0,0,0,0,0,0,0,33,3,5,0.002,7,3,0,0,0,2,2,2,2,2,0
okhttp,0,1,0,0,0,0,0,0,0,44,3,5,0.013,7,3,0,0,0,2,2,2,2,2,0
okhttp,0,1,0,0,0,1,0,0,0,18,2,10,0.008,13,3,0,0,0,2,2,2,2,2,5
okhttp,0,1,0,0,0,1,0,0,0,24,3,15,0.02,18,3,0,0,0,2,2,2,2,2,8
okhttp,0,1,0,0,0,0,0,0,0,11,2,1,0.014,6,1,0,0,0,2,2,2,2,2,0
okhttp,0,1,0,0,0,1,0,0,0,7,2,2,0.205,3,1,0,0,0,2,2,2,2,2,1
okhttp,0,0,0,0,0,1,0,0,0,13,0,8,0.184,10,2,0,0,0,2,2,2,2,2,5
okhttp,0,1,0,0,0,1,0,0,0,23,3,5,0.008,7,3,0,0,0,2,2,2,2,2,0
okhttp,0,0,0,0,0,1,0,0,0,10,0,6,0.105,7,1,0,0,0,2,2,2,2,2,0
okhttp,0,1,0,1,0,0,0,0,0,29,7,14,0.002,15,1,0,0,0,2,2,2,2,2,0
okhttp,0,1,0,1,0,0,0,0,0,20,8,17,0.008,18,1,0,0,0,2,2,2,2,2,0
okhttp,0,1,0,1,0,0,0,0,0,29,7,14,0.026,15,1,0,0,0,2,2,2,2,2,0
okhttp,0,1,0,1,0,0,0,0,0,42,20,31,0.006,32,1,0,0,0,2,2,2,2,2,0
okhttp,0,0,0,0,0,0,0,0,0,3,1,2,0.005,3,1,0,0,0,2,2,2,2,2,0
okhttp,0,1,0,0,0,0,0,0,0,14,4,0,0.004,6,1,0,0,0,2,2,2,2,2,0
okhttp,0,1,0,0,0,1,0,0,0,29,5,6,0.202,8,3,0,0,0,2,2,2,2,2,1
okhttp,0,1,0,0,0,0,0,0,0,7,2,1,0.213,1,1,0,0,0,0,0,0,0,0,0
okhttp,0,1,0,1,0,0,0,0,0,38,7,3,0.02,12,4,0,0,0,2,2,2,2,2,0
okhttp,0,1,0,0,0,1,0,0,0,18,4,3,0.028,10,5,0,0,0,2,2,2,2,2,0
okhttp,0,1,0,0,0,1,0,0,0,18,4,3,0.02,10,5,0,0,0,2,2,2,2,2,0
okhttp,0,1,0,1,0,1,0,0,0,40,11,3,0.02,9,4,0,0,0,2,2,2,2,2,0
okhttp,0,1,0,1,0,1,0,0,0,45,14,3,0.022,9,4,0,0,0,2,2,2,2,2,0
okhttp,0,1,0,1,0,1,0,0,0,43,15,6,0.028,24,5,0,0,0,2,2,2,2,2,0
okhttp,0,1,0,1,0,0,0,0,0,30,10,8,0.022,17,5,0,0,0,2,2,2,2,2,3
okhttp,0,1,0,1,0,1,0,0,0,21,5,3,0.026,10,5,0,0,0,2,2,2,2,2,0
okhttp,0,1,0,0,0,1,0,0,0,21,5,3,0.027,10,5,0,0,0,2,2,2,2,2,0
okhttp,0,1,0,0,0,1,0,0,0,18,6,3,0.033,10,5,0,0,0,2,2,2,2,2,0
okhttp,0,1,0,0,0,0,0,0,0,20,6,2,0.225,12,6,0,0,0,2,2,2,2,2,0
okhttp,0,0,0,0,0,1,0,0,0,2,0,3,0.023,11,5,0,0,0,2,2,2,2,2,0
okhttp,0,0,0,0,0,1,0,0,0,2,0,3,0.026,12,5,0,0,0,2,2,2,2,2,0
okhttp,0,1,0,1,0,1,0,0,0,43,13,3,0.029,10,4,0,0,0,2,2,2,2,2,0
okhttp,0,0,0,1,0,1,0,0,0,11,1,4,0.031,12,4,0,0,0,2,2,2,2,2,0
okhttp,0,1,0,0,0,1,0,0,0,17,2,3,0.023,14,6,0,0,0,2,2,2,2,2,0
okhttp,0,0,0,0,0,0,0,0,0,35,0,5,0.039,12,5,0,0,0,2,2,2,2,2,3
okhttp,0,0,0,0,0,0,0,0,0,13,0,5,0.023,12,5,0,0,0,2,2,2,2,2,3
okhttp,0,1,0,1,0,1,0,0,0,21,4,3,0.03,10,5,0,0,0,2,2,2,2,2,0
okhttp,0,1,0,1,0,1,0,0,0,29,7,3,0.041,13,5,0,0,0,2,2,2,2,2,0
okhttp,1,1,0,1,0,1,0,0,0,10,3,3,0.016,10,5,0,0,0,2,2,2,2,2,0
okhttp,1,1,0,1,0,0,0,0,0,47,8,3,0.537,11,5,0,0,0,2,2,2,2,2,0
okhttp,1,1,0,0,0,1,0,0,0,27,3,3,0.071,13,5,0,0,0,2,2,2,2,2,0
okhttp,0,1,0,0,0,1,0,0,0,30,8,3,0.018,10,5,0,0,0,2,2,2,2,2,0
okhttp,0,1,0,1,0,1,0,0,0,19,4,3,0.014,10,4,0,0,0,2,2,2,2,2,0
okhttp,0,0,0,0,0,1,0,0,0,11,1,5,0.025,12,5,0,0,0,2,2,2,2,2,1
okhttp,0,1,0,0,0,1,0,0,0,34,9,3,0.024,10,5,0,0,0,2,2,2,2,2,0
okhttp,1,1,0,0,0,1,0,0,0,14,2,3,0.042,10,5,0,0,0,2,2,2,2,2,0
okhttp,1,1,0,0,0,1,0,0,0,59,8,3,0.032,14,6,0,0,0,2,2,2,2,2,0
okhttp,0,1,0,0,0,1,0,0,0,25,3,3,0.047,10,5,0,0,0,2,2,2,2,2,0
okhttp,1,0,0,0,0,1,0,0,0,2,0,3,0.243,10,5,0,0,0,2,2,2,2,2,0
okhttp,1,0,0,0,0,1,0,0,0,2,0,3,0.24,13,5,0,0,0,2,2,2,2,2,0
okhttp,0,1,0,1,0,1,0,0,0,27,4,3,1.013,11,5,0,0,0,2,2,2,2,2,0
okhttp,1,0,0,0,0,1,0,0,0,2,0,3,0.024,10,5,0,0,0,2,2,2,2,2,0
okhttp,1,0,0,0,0,1,0,0,0,2,0,3,0.028,10,5,0,0,0,2,2,2,2,2,0
okhttp,0,1,0,1,0,1,0,0,0,32,9,3,0.086,10,5,0,0,0,2,2,2,2,2,0
okhttp,0,1,0,0,1,1,0,0,0,29,8,22,0.049,30,6,0,0,0,2,2,2,2,2,0
okhttp,1,1,0,0,0,0,0,0,0,23,5,5,0.027,12,5,0,0,0,2,2,2,2,2,3
okhttp,0,1,0,1,0,1,0,0,0,26,7,3,0.034,10,5,0,0,0,2,2,2,2,2,0
okhttp,1,1,0,0,1,1,0,0,0,24,5,5,0.029,13,6,0,0,0,2,2,2,2,2,0
okhttp,0,1,0,1,0,1,0,0,0,26,6,3,0.03,14,5,0,0,0,2,2,2,2,2,0
okhttp,1,1,0,1,0,0,0,0,0,20,5,5,0.033,12,5,0,0,0,2,2,2,2,2,3
okhttp,0,1,0,1,0,1,0,0,0,37,10,3,0.037,10,5,0,0,0,2,2,2,2,2,0
okhttp,0,1,0,0,1,1,0,0,0,35,9,21,0.055,29,6,0,0,0,2,2,2,2,2,0
okhttp,0,1,0,0,0,1,0,0,0,15,4,3,0.024,10,5,0,0,0,2,2,2,2,2,0
okhttp,0,1,0,0,0,1,0,0,0,18,5,3,0.028,10,5,0,0,0,2,2,2,2,2,0
okhttp,0,0,0,0,0,1,0,0,0,2,0,3,0.018,10,5,0,0,0,2,2,2,2,2,0
okhttp,0,0,0,0,0,1,0,0,0,2,0,3,0.033,10,5,0,0,0,2,2,2,2,2,0
okhttp,0,0,0,0,0,1,0,0,0,16,1,3,0.027,10,5,0,0,0,2,2,2,2,2,0
okhttp,0,1,0,0,0,1,0,0,0,18,3,3,0.027,10,5,0,0,0,2,2,2,2,2,0
okhttp,0,1,0,0,0,1,0,0,0,17,2,3,0.063,10,5,0,0,0,2,2,2,2,2,0
okhttp,0,1,0,1,0,0,0,0,0,40,4,3,1.047,11,5,0,0,0,2,2,2,2,2,0
okhttp,0,1,0,0,0,0,0,0,0,28,5,1,0.004,2,2,0,0,0,2,2,2,2,2,0
okhttp,0,1,0,0,0,0,0,0,0,30,7,1,0.006,2,2,0,0,0,2,2,2,2,2,0
okhttp,0,1,0,0,0,0,0,0,0,33,6,1,0.023,3,2,0,0,0,2,2,2,2,2,0
okhttp,0,0,0,0,0,0,0,0,0,3,1,4,0.012,5,2,0,0,0,2,2,2,2,2,0
okhttp,0,1,0,0,0,1,0,0,0,24,18,18,0.007,19,1,0,0,0,2,2,2,2,2,0
okhttp,0,1,0,0,0,0,0,0,0,31,3,1,0.272,2,2,0,0,0,2,2,2,2,2,0
okhttp,0,1,0,0,0,0,0,0,0,35,6,1,0.019,2,2,0,0,0,2,2,2,2,2,0
okhttp,0,1,0,0,0,0,0,0,0,30,2,1,0.008,2,2,0,0,0,2,2,2,2,2,0
okhttp,0,1,0,0,0,0,0,0,0,33,4,1,0.012,2,2,0,0,0,2,2,2,2,2,0
okhttp,0,1,0,0,0,0,0,0,0,32,4,1,0.005,2,2,0,0,0,2,2,2,2,2,0
okhttp,0,1,0,0,0,0,0,0,0,32,4,1,0.017,2,2,0,0,0,2,2,2,2,2,0
okhttp,0,1,0,0,0,0,0,0,0,31,2,1,0.007,2,2,0,0,0,2,2,2,2,2,0
okhttp,0,0,0,0,0,0,0,0,0,15,1,1,0.014,2,2,0,0,0,2,2,2,2,2,0
okhttp,0,0,0,0,0,0,0,0,0,21,1,1,0.002,2,2,0,0,0,2,2,2,2,2,0
okhttp,0,0,0,1,0,0,0,0,0,4,1,2,0,3,1,0,0,0,2,2,2,2,2,0
okhttp,0,1,0,1,0,0,0,0,0,5,3,4,0,5,1,0,0,0,2,2,2,2,2,0
okhttp,0,1,0,1,0,0,0,0,0,8,4,6,0.022,7,1,0,0,0,2,2,2,2,2,0
okhttp,0,0,0,1,0,0,0,0,0,7,1,1,0.001,3,1,0,0,0,2,2,2,2,2,0
okhttp,0,0,0,0,0,0,0,0,0,26,0,1,0,2,1,0,0,0,2,2,2,2,2,0
okhttp,0,0,0,0,0,0,0,0,0,6,1,0,0.003,2,1,0,0,0,2,2,2,2,2,0
okhttp,0,1,0,1,0,0,0,0,0,9,6,7,0.004,9,1,0,0,0,2,2,2,2,2,0
okhttp,0,1,0,1,0,0,0,0,0,5,2,3,0,4,1,0,0,0,2,2,2,2,2,0
okhttp,0,0,0,1,0,0,0,0,0,7,1,1,0.089,3,1,0,0,0,2,2,2,2,2,0
okhttp,0,0,0,0,0,0,0,0,0,9,0,2,0.005,3,1,0,0,0,2,2,2,2,2,0
okhttp,0,1,1,0,1,1,0,0,0,28,4,5,0.516,36,13,0,0,0,0,0,0,5,5,0
okhttp,0,1,0,0,0,1,0,0,0,17,2,11,0.044,30,9,0,0,0,0,0,0,5,5,0
okhttp,0,1,0,0,0,1,0,0,0,4,2,3,0.02,8,4,0,0,0,0,0,0,2,2,0
okhttp,0,0,0,1,1,1,0,0,0,11,0,7,0.029,35,8,0,0,0,0,0,0,5,5,0
okhttp,0,0,0,1,1,1,0,0,0,21,1,9,1.031,35,9,0,0,0,0,0,0,5,5,0
okhttp,0,1,0,1,1,1,0,0,0,32,7,19,0.026,42,8,0,0,0,0,0,0,5,5,0
okhttp,0,1,0,1,1,1,0,0,0,21,6,19,0.034,43,8,0,0,0,0,0,0,5,5,0
okhttp,0,0,0,0,0,1,0,0,0,7,1,2,0,17,6,0,0,0,0,0,0,5,5,0
okhttp,0,0,0,0,0,1,0,0,0,9,1,3,0,14,4,0,0,0,0,0,0,2,2,0
okhttp,0,0,0,1,1,1,0,0,0,14,1,6,0.046,32,8,0,0,0,0,0,0,5,5,0
okhttp,0,1,0,0,0,1,0,0,0,19,5,10,0,21,6,0,0,0,0,0,0,5,5,0
okhttp,0,1,0,1,1,1,0,0,0,17,3,13,0.033,40,8,0,0,0,0,0,0,5,5,0
okhttp,0,1,0,1,1,1,0,0,0,15,4,14,0.03,36,8,0,0,0,0,0,0,5,5,0
okhttp,0,1,0,1,1,1,0,0,0,30,10,19,1.045,46,8,0,0,0,0,0,0,5,5,0
okhttp,0,1,0,0,0,1,0,0,0,9,6,8,0.003,15,5,0,0,0,0,0,0,5,5,0
okhttp,0,1,0,1,1,1,0,0,0,11,4,10,0.611,39,11,0,0,0,0,0,0,5,5,0
okhttp,0,1,0,0,0,1,0,0,0,7,4,3,0.155,3,1,0,0,0,2,2,2,2,2,3
okhttp,0,1,0,0,0,1,0,0,0,12,4,3,0.075,3,1,0,0,0,2,2,2,2,2,3
okhttp,0,1,0,0,0,1,0,0,0,7,4,3,0.001,3,1,0,0,0,2,2,2,2,2,3
okhttp,0,1,0,0,0,1,0,0,0,6,3,3,0,3,1,0,0,0,2,2,2,2,2,3
okhttp,0,1,0,0,0,1,0,0,0,6,3,3,0.007,3,1,0,0,0,2,2,2,2,2,3
okhttp,0,1,0,0,0,1,0,0,0,14,2,3,0.088,3,2,0,0,0,2,2,2,2,2,0
okhttp,0,1,0,0,0,1,0,0,0,18,3,3,0.119,3,2,0,0,0,2,2,2,2,2,0
okhttp,0,1,0,0,0,1,0,0,0,15,2,2,0.882,9,1,0,0,0,2,2,2,2,2,0
okhttp,0,0,0,0,0,1,0,0,0,13,0,3,0.92,3,2,0,0,0,2,2,2,2,2,0
okhttp,0,0,0,0,0,1,0,0,0,17,1,3,0.021,3,2,0,0,0,2,2,2,2,2,0
okhttp,0,1,0,0,0,1,0,0,0,17,3,3,0.059,3,2,0,0,0,2,2,2,2,2,0
okhttp,0,1,0,0,0,1,0,0,0,29,8,3,0.083,3,2,0,0,0,2,2,2,2,2,0
okhttp,0,0,0,0,0,1,0,0,0,11,0,7,0.009,8,2,0,0,0,2,2,2,2,2,0
okhttp,0,1,0,0,0,1,0,0,0,27,3,2,0.132,6,2,0,0,0,2,2,2,2,2,0
okhttp,0,0,0,0,0,0,0,0,0,13,0,1,0.805,3,2,0,0,0,2,2,2,2,2,0
okhttp,0,0,0,0,0,1,0,0,0,12,0,6,0.098,9,2,0,0,0,2,2,2,2,2,0
okhttp,0,1,0,1,0,0,0,0,0,8,5,7,0.004,9,2,0,0,0,0,2,2,2,2,11
okhttp,0,1,0,1,0,0,0,0,0,10,7,13,0.001,37,3,0,0,0,0,2,2,2,2,13
okhttp,0,1,0,1,0,0,0,0,0,8,7,11,0,27,3,0,0,0,0,2,2,2,2,14
okhttp,0,0,0,1,0,0,0,0,0,2,1,1,0,3,2,0,0,0,0,2,2,2,2,2
okhttp,0,0,0,0,0,0,0,0,0,6,1,1,0.001,6,2,0,0,0,0,2,2,2,2,0
okhttp,0,0,0,0,0,0,0,0,0,6,1,0,0,3,2,0,0,0,0,2,2,2,2,0
okhttp,0,1,0,1,0,0,0,0,0,7,5,5,0.012,9,3,0,0,0,0,2,2,2,2,10
okhttp,0,0,0,1,0,0,0,0,0,2,1,3,0.001,4,2,0,0,0,0,2,2,2,2,3
okhttp,0,1,0,1,0,0,0,0,0,8,6,7,0.008,9,2,0,0,0,0,2,2,2,2,11
okhttp,0,1,0,1,0,0,0,0,0,7,5,7,0.003,13,2,0,0,0,0,2,2,2,2,8
okhttp,0,1,0,1,0,0,0,0,0,3,2,10,0.004,26,3,0,0,0,0,2,2,2,2,4
okhttp,0,1,0,1,0,0,0,0,0,5,3,4,0,6,2,0,0,0,0,2,2,2,2,6
okhttp,0,1,0,1,0,0,0,0,0,5,3,4,0.001,6,2,0,0,0,0,2,2,2,2,8
okhttp,0,1,0,1,0,0,0,0,0,4,2,3,0,6,2,0,0,0,0,2,2,2,2,6
okhttp,0,0,0,1,0,0,0,0,0,2,1,1,0.005,3,2,0,0,0,0,2,2,2,2,3
okhttp,0,0,0,1,0,0,0,0,0,3,1,3,0,6,2,0,0,0,0,2,2,2,2,2
okhttp,0,0,0,1,0,0,0,0,0,2,1,1,0.041,5,3,0,0,0,0,2,2,2,2,3
okhttp,0,0,0,1,0,0,0,0,0,2,1,1,0.008,4,2,0,0,0,0,2,2,2,2,2
okhttp,0,0,0,1,0,0,0,0,0,3,1,1,0.064,6,2,0,0,0,0,2,2,2,2,2
okhttp,0,0,0,1,0,0,0,0,0,3,1,1,0.001,5,2,0,0,0,0,2,2,2,2,2
okhttp,0,1,0,1,0,0,0,0,0,5,2,1,0.011,3,2,0,0,0,0,2,2,2,2,0
okhttp,0,0,0,1,0,0,0,0,0,4,0,0,0.002,3,2,0,0,0,0,0,2,2,2,0
okhttp,0,0,0,1,0,1,0,0,0,10,1,4,0.388,18,10,1,1,1,1,2,2,2,2,1
okhttp,0,0,0,1,0,0,0,0,0,10,1,4,0.252,15,9,1,1,1,1,1,2,2,2,0
okhttp,0,0,0,1,0,1,0,0,0,10,1,8,0.073,22,9,1,1,1,2,2,2,2,2,3
okhttp,0,0,0,1,0,1,0,0,0,10,1,8,0.001,21,9,1,1,1,2,2,2,2,2,3
okhttp,0,0,0,0,0,0,0,0,0,6,0,9,0,21,10,1,1,1,2,2,4,4,4,2
okhttp,0,0,0,0,0,0,0,0,0,16,0,11,0.001,22,10,1,1,1,1,1,4,4,4,2
okhttp,0,0,0,0,0,0,0,0,0,8,0,9,0.002,20,10,1,1,1,1,1,4,4,4,2
okhttp,0,0,0,0,0,0,0,0,0,8,0,9,0.01,20,10,1,1,1,2,2,4,4,4,2
okhttp,0,0,0,0,0,0,0,0,0,11,0,9,0.001,20,10,1,1,1,2,2,4,4,4,2
okhttp,0,0,0,0,0,0,0,0,0,8,0,9,0,20,10,1,1,1,1,1,4,4,4,2
okhttp,0,1,0,0,0,1,0,0,0,13,6,17,0.01,31,11,1,1,1,2,2,4,4,4,9
okhttp,0,1,0,0,0,1,0,0,0,15,4,11,0.002,25,10,1,1,1,1,1,4,4,4,8
okhttp,0,1,0,0,0,0,0,0,0,13,2,9,0,21,10,1,1,1,1,1,2,2,2,2
okhttp,0,1,0,0,0,0,0,0,0,17,2,8,0.001,18,10,1,1,1,1,1,2,2,2,0
okhttp,0,1,0,0,0,0,0,0,0,13,2,6,0.104,19,10,1,1,1,1,2,2,2,2,2
okhttp,0,0,0,0,0,0,0,0,0,5,1,11,0,35,8,0,0,0,0,0,2,2,2,1
okhttp,0,0,0,0,0,1,0,0,0,5,1,6,0.359,24,12,0,0,0,0,0,2,2,2,1
okhttp,0,0,0,0,0,0,0,0,0,8,1,10,0.009,34,8,0,0,0,0,0,2,2,2,1
okhttp,0,0,0,0,0,0,0,0,0,21,1,4,0.279,17,8,0,0,0,0,0,2,2,2,0
okhttp,0,1,0,0,0,0,0,0,0,5,3,5,0.002,23,6,0,0,0,0,3,3,3,3,4
okhttp,0,1,0,0,0,0,0,0,0,5,3,5,0,16,6,0,0,0,0,3,3,3,3,4
okhttp,0,1,0,0,0,0,0,0,0,5,3,5,0.01,15,6,0,0,0,0,3,3,3,3,4
okhttp,0,1,0,0,0,0,0,0,0,6,4,5,0.001,15,6,0,0,0,0,3,3,3,3,4
okhttp,0,1,0,0,0,0,0,0,0,9,3,4,0.112,14,6,0,0,0,0,3,3,3,3,3
okhttp,0,1,0,1,0,0,0,0,0,10,5,6,0,13,5,0,0,0,0,0,2,2,2,0
okhttp,0,1,0,1,0,0,0,0,0,7,3,6,0,16,5,0,0,0,0,0,2,2,2,5
okhttp,0,0,0,1,0,0,0,0,0,5,1,4,0,9,3,0,0,0,2,2,2,2,2,3
okhttp,0,1,0,1,0,0,0,0,0,11,2,3,0.008,12,5,0,0,0,0,0,2,2,2,0
okhttp,0,0,0,1,0,0,0,0,0,4,1,6,0.009,11,4,0,0,0,0,0,2,2,2,0
okhttp,0,0,0,1,0,0,0,0,0,4,1,6,0.001,13,4,0,0,0,0,0,2,2,2,0
okhttp,0,0,0,0,0,0,0,0,0,3,1,4,0.001,5,2,0,0,0,0,0,2,2,2,1
okhttp,0,1,0,1,0,0,0,0,0,23,5,15,0.001,24,6,0,0,0,0,0,2,2,2,6
okhttp,0,0,0,0,0,0,0,0,0,7,1,1,0,6,3,0,0,0,0,0,2,2,2,0
okhttp,0,1,0,1,0,0,0,0,0,40,18,3,0,10,5,0,0,0,0,0,2,2,2,0
okhttp,0,1,0,1,0,0,0,0,0,15,8,3,0.001,19,4,0,0,0,0,0,2,2,2,0
okhttp,0,1,0,1,0,0,0,0,0,11,4,3,0.001,11,5,0,0,0,0,0,2,2,2,0
okhttp,0,0,0,0,0,0,0,0,0,5,1,3,0,11,5,0,0,0,0,0,2,2,2,0
okhttp,0,0,0,0,0,0,0,0,0,4,1,3,0.001,11,5,0,0,0,0,0,2,2,2,0
okhttp,0,0,0,0,0,0,0,0,0,4,1,3,0.015,12,5,0,0,0,0,0,2,2,2,0
okhttp,0,1,0,1,0,0,0,0,0,11,4,3,0.001,11,5,0,0,0,0,0,2,2,2,0
okhttp,0,1,0,1,0,0,0,0,0,16,7,6,0.014,13,5,0,0,0,0,0,2,2,2,0
okhttp,0,1,0,1,0,0,0,0,0,7,3,6,0,16,5,0,0,0,0,0,2,2,2,5
okhttp,0,0,0,1,0,0,0,0,0,5,1,4,0,9,3,0,0,0,2,2,2,2,2,3
okhttp,0,1,0,1,0,0,0,0,0,15,7,10,0.001,23,5,0,0,0,2,2,4,4,4,8
okhttp,0,1,0,1,0,0,0,0,0,6,3,5,0,13,4,0,0,0,0,0,2,2,2,4
okhttp,0,1,0,1,0,0,0,0,0,9,3,3,0.001,6,3,0,0,0,0,0,2,2,2,0
okhttp,0,1,0,1,0,0,0,0,0,9,3,5,0.021,13,4,0,0,0,0,0,2,2,2,4
okhttp,0,1,0,1,0,0,0,0,0,9,2,6,0.001,13,5,0,0,0,0,0,2,2,2,0
okhttp,0,1,0,1,0,0,0,0,0,8,3,5,0,13,4,0,0,0,0,0,2,2,2,4
okhttp,0,1,0,1,0,0,0,0,0,7,2,6,0.028,11,5,0,0,0,0,0,2,2,2,0
okhttp,0,0,0,1,0,0,0,0,0,4,1,3,0,11,5,0,0,0,0,0,2,2,2,0
okhttp,0,0,0,1,0,0,0,0,0,5,1,6,0.001,13,5,0,0,0,0,0,2,2,2,0
okhttp,0,1,0,1,0,0,0,0,0,11,3,3,0,6,3,0,0,0,0,0,2,2,2,0
okhttp,0,1,0,1,0,0,0,0,0,11,3,6,0,13,5,0,0,0,0,0,2,2,2,0
okhttp,0,1,0,1,0,0,0,0,0,9,4,7,0.001,17,4,0,0,0,0,2,2,2,2,9
okhttp,0,1,0,1,0,0,0,0,0,5,2,4,0,7,2,0,0,0,0,2,2,2,2,3
okhttp,0,1,0,1,0,0,0,0,0,14,4,3,0.309,21,5,0,0,0,0,2,2,2,2,4
okhttp,0,0,0,1,0,0,0,0,0,6,1,11,0,22,5,0,0,0,0,0,4,4,4,6
okhttp,0,0,0,0,0,0,0,0,0,3,1,2,0,5,2,0,0,0,0,0,2,2,2,1
okhttp,0,0,0,1,0,1,0,0,0,4,1,4,0.013,14,4,0,0,0,2,2,2,2,2,3
okhttp,0,0,0,1,0,0,0,0,0,4,1,4,0.087,15,5,0,0,0,2,2,2,2,2,0
okhttp,0,0,0,1,0,1,0,0,0,4,1,3,0.008,15,6,0,0,0,0,0,2,2,2,3
okhttp,0,0,0,1,0,0,0,0,0,5,1,5,0.004,21,6,0,0,0,0,0,4,4,4,3
okhttp,0,0,0,1,0,0,0,0,0,5,1,4,0.004,16,6,0,0,0,0,0,4,4,4,3
okhttp,0,1,0,1,0,0,0,0,0,8,3,4,0.001,13,6,0,0,0,0,0,2,2,2,0
okhttp,0,1,0,1,0,0,0,0,0,8,3,4,0.005,13,6,0,0,0,0,0,2,2,2,0
okhttp,0,1,0,1,0,0,0,0,0,8,3,4,0.001,13,6,0,0,0,0,0,2,2,2,0
okhttp,0,1,0,1,0,0,0,0,0,12,4,3,0,13,5,0,0,0,0,0,2,2,2,0
okhttp,0,1,0,1,0,0,0,0,0,13,4,3,0,17,5,0,0,0,0,0,2,2,2,0
okhttp,0,0,0,1,0,0,0,0,0,5,1,5,0,16,6,0,0,0,0,0,4,4,4,3
okhttp,0,1,0,1,0,0,0,0,0,13,2,3,0,10,5,0,0,0,0,0,2,2,2,0
okhttp,0,1,0,1,0,0,0,0,0,13,2,3,0,10,5,0,0,0,0,0,2,2,2,0
okhttp,0,1,0,0,0,0,0,0,0,12,2,4,0.021,28,9,0,0,0,2,2,2,2,2,3
okhttp,0,1,0,0,0,0,0,0,0,22,7,4,0.001,22,9,0,0,0,0,0,2,2,2,0
okhttp,0,0,0,0,0,0,0,0,0,7,1,1,0.091,8,6,0,0,0,0,0,2,2,2,1
okhttp,0,1,0,0,0,0,0,0,0,6,2,4,0.003,19,6,1,1,1,1,1,2,2,2,0
okhttp,0,1,0,0,0,0,0,0,0,8,3,5,0.006,16,6,1,1,1,1,1,2,2,2,0
okhttp,0,0,0,0,0,1,0,0,0,5,1,4,0.01,8,3,1,1,1,1,1,2,2,2,2
okhttp,0,1,0,0,0,1,0,0,0,8,3,8,0.026,15,6,1,1,1,2,2,4,4,4,6
okhttp,0,0,0,0,0,1,0,0,0,6,1,6,0.005,13,6,1,1,1,1,1,2,2,2,3
okhttp,0,0,0,0,0,1,0,0,0,5,1,5,0.01,12,5,1,1,1,1,1,2,2,2,2
okhttp,0,0,0,0,0,1,0,0,0,6,1,6,0.005,14,6,1,1,1,2,2,2,2,2,3
okhttp,0,0,0,0,0,1,0,0,0,11,1,7,0.107,18,8,1,1,1,2,2,2,2,2,3
okhttp,0,0,0,0,0,1,0,0,0,11,1,10,0.004,22,8,1,1,1,2,2,2,2,2,4
okhttp,0,1,0,0,0,1,0,0,0,13,2,10,0.002,22,8,1,1,1,2,2,2,2,2,4
okhttp,0,0,0,0,0,0,0,0,0,5,1,4,0.006,18,6,1,1,1,1,1,2,2,2,0
okhttp,0,0,0,0,0,0,0,0,0,5,1,4,0.008,19,6,1,1,1,1,1,2,2,2,0
okhttp,0,1,0,0,0,1,0,0,0,47,6,10,0.003,31,9,1,1,1,2,2,2,2,2,3
okhttp,0,0,0,0,0,0,0,0,0,8,1,3,0.007,11,7,1,1,1,1,1,2,2,2,0
okhttp,0,0,0,0,0,0,0,0,0,8,1,3,0.001,12,6,1,1,1,1,1,2,2,2,1
okhttp,0,1,0,0,0,0,0,0,0,5,3,4,0.001,22,9,1,1,1,1,3,3,3,3,3
okhttp,0,1,0,0,0,0,0,0,0,5,3,4,0,22,9,1,1,1,1,3,3,3,3,3
okhttp,0,1,0,0,0,0,0,0,0,5,3,4,0.009,22,9,1,1,1,1,3,3,3,3,3
okhttp,0,1,0,0,0,0,0,0,0,6,4,6,0.001,31,9,1,1,1,1,3,3,3,3,5
okhttp,0,1,0,0,0,0,0,0,0,9,3,4,0.095,21,9,1,1,1,1,3,3,3,3,3
okhttp,0,1,0,0,0,0,0,0,0,34,16,3,0.008,13,7,1,1,1,2,2,2,2,2,0
okhttp,0,0,0,0,0,0,0,0,0,9,1,5,0.001,11,6,1,1,1,1,1,2,2,2,0
okhttp,0,1,0,0,0,1,0,0,0,43,6,4,0.001,17,5,1,1,1,1,1,1,1,1,2
okhttp,0,0,0,0,0,1,0,0,0,9,1,6,0.115,14,6,1,1,1,1,1,2,2,2,6
okhttp,0,0,0,0,0,1,0,0,0,11,1,6,0.013,14,6,1,1,1,2,2,2,2,2,1
okhttp,0,1,0,0,0,0,0,0,0,10,2,4,0.002,10,6,1,1,1,1,1,2,2,2,0
okhttp,0,1,0,0,0,1,0,0,0,10,2,7,0,15,5,1,1,1,2,2,2,2,2,7
okhttp,0,0,0,0,0,1,0,0,0,10,1,5,0.001,15,6,1,1,1,2,2,2,2,2,1
okhttp,0,1,0,0,0,0,0,0,0,8,2,3,0.002,11,6,1,1,1,1,1,2,2,2,0
okhttp,0,1,0,0,0,1,0,0,0,10,2,9,0,16,6,1,1,1,2,2,2,2,2,7
