wildfly,0,1,0,0,0,0,0,0,0,13,6,0,0.32,24,6,0,0,0,0,0,0,0,0,0
wildfly,0,1,0,0,0,0,0,0,0,7,4,0,0.002,16,5,0,0,0,0,0,0,0,0,0
wildfly,0,0,0,0,0,1,0,0,0,6,0,4,0.001,5,2,0,0,0,0,0,0,0,0,3
wildfly,0,0,0,0,0,1,0,0,0,10,1,6,0.007,7,2,0,0,0,0,0,0,0,0,5
wildfly,0,0,0,0,0,1,0,0,0,8,1,5,0.036,7,2,0,1,1,1,1,1,1,0,5
wildfly,0,1,0,0,0,1,0,0,0,13,3,6,0.001,11,4,0,0,0,0,0,0,0,0,8
wildfly,0,0,0,0,0,1,0,0,0,9,1,5,0.002,6,2,0,0,0,0,0,0,0,0,5
wildfly,0,1,0,0,0,1,0,0,0,15,3,7,1.06,12,4,0,0,0,0,0,0,0,0,8
wildfly,0,0,0,0,0,1,0,0,0,9,1,5,0.084,6,2,0,0,0,0,0,0,0,0,5
wildfly,0,1,0,0,0,1,0,0,0,9,2,6,0,7,2,0,0,0,0,0,0,0,0,4
wildfly,0,0,0,0,0,1,0,0,0,8,1,5,0,6,2,0,0,0,0,0,0,0,0,4
wildfly,0,0,0,0,0,1,0,0,0,8,1,6,0.001,7,2,0,1,1,1,1,1,1,0,5
wildfly,0,1,0,0,0,1,0,0,0,13,3,6,0.002,11,4,0,0,0,0,0,0,0,0,8
wildfly,0,0,0,0,0,1,0,0,0,9,1,5,0.617,6,2,0,0,0,0,0,0,0,0,5
wildfly,0,0,0,0,0,1,0,0,0,8,1,5,0.001,6,2,0,0,0,0,0,0,0,0,6
wildfly,0,0,0,0,0,1,0,0,0,8,1,5,0.001,6,2,0,0,0,0,0,0,0,0,4
wildfly,0,0,0,0,0,1,0,0,0,8,1,4,0,7,2,0,1,1,1,1,1,1,0,5
wildfly,0,0,0,0,0,1,0,0,0,8,1,5,0.002,6,2,0,0,0,0,0,0,0,0,7
wildfly,0,0,0,0,0,1,0,0,0,8,1,5,0.005,6,2,0,0,0,0,0,0,0,0,4
wildfly,0,0,0,0,0,1,0,0,0,7,1,4,0.002,5,2,0,0,0,0,0,0,0,0,4
wildfly,0,0,0,0,0,1,0,0,0,7,1,4,0,5,2,0,0,0,0,0,0,0,0,4
wildfly,0,0,0,0,0,1,0,0,0,6,0,4,0.024,5,2,0,0,0,0,0,0,0,0,3
wildfly,0,0,0,0,0,1,0,0,0,5,0,2,0.001,4,2,0,0,0,0,0,0,0,0,4
wildfly,0,0,0,0,0,1,0,0,0,7,1,4,0.002,6,2,0,0,0,0,0,0,0,0,4
wildfly,0,0,0,0,0,1,0,0,0,5,0,2,0.001,4,2,0,0,0,0,0,0,0,0,4
wildfly,0,0,0,0,0,1,0,0,0,5,0,3,0,4,2,0,0,0,0,0,0,0,0,3
wildfly,0,1,0,0,0,1,0,0,0,51,3,24,0.207,28,3,0,0,0,0,0,0,0,0,36
wildfly,0,0,0,0,1,1,0,0,0,16,1,9,0.002,13,3,0,0,0,0,0,0,0,0,10
wildfly,0,0,0,0,0,1,0,0,0,12,1,5,0.007,8,2,0,0,0,0,0,0,0,0,9
wildfly,0,0,0,0,0,1,0,0,0,12,1,5,3.217,8,2,0,0,0,0,0,0,0,0,9
wildfly,1,0,0,0,0,0,0,0,0,3,0,69,11.775,763,282,0,1,1,2,2,2,1,23,5
wildfly,1,0,0,0,0,0,0,0,0,3,0,72,5.214,484,240,0,1,1,2,2,2,1,17,5
wildfly,1,0,0,0,0,0,0,0,0,3,0,61,4.597,470,241,0,1,1,2,2,2,1,17,5
wildfly,1,0,0,0,0,0,0,0,0,3,0,89,7.639,534,197,0,1,1,2,2,2,1,20,0
wildfly,1,0,0,0,0,0,0,0,0,3,0,73,3.329,491,241,0,1,1,2,2,2,1,17,5
wildfly,1,0,0,0,0,0,0,0,0,3,0,64,3.69,483,242,0,1,1,2,2,2,1,17,5
wildfly,0,1,0,0,0,1,0,0,0,30,5,73,1.42,401,166,0,1,1,2,2,2,1,17,0
wildfly,0,1,0,0,0,1,0,0,0,26,4,71,1.702,399,166,0,1,1,2,2,2,1,17,0
wildfly,0,1,0,0,0,1,0,0,0,21,3,51,7.111,668,258,0,1,1,2,2,2,1,23,18
wildfly,0,1,0,0,0,1,0,0,0,21,3,68,0.98,396,166,0,1,1,2,2,2,1,17,0
wildfly,0,1,0,0,0,1,0,0,0,50,15,111,1.602,490,166,0,1,1,2,2,2,1,18,0
wildfly,0,1,0,0,0,1,0,0,0,20,5,72,1.137,396,166,0,1,1,2,2,2,1,20,0
wildfly,0,1,0,0,0,1,0,0,0,32,9,76,1.208,404,168,0,1,1,2,2,2,1,17,0
wildfly,0,1,0,0,0,1,0,0,0,24,5,74,1.047,398,166,0,1,1,2,2,2,1,17,0
wildfly,0,1,0,0,0,1,0,0,0,66,22,118,7.258,835,258,0,1,1,2,2,2,13,27,13
wildfly,0,0,0,0,0,1,0,0,0,8,0,3,0.001,7,2,0,0,0,0,0,0,0,0,3
wildfly,0,0,0,0,0,1,0,0,0,8,0,3,0.335,7,2,0,0,0,0,0,0,0,0,3
wildfly,0,0,0,0,0,1,0,0,0,8,0,3,0.002,7,2,0,0,0,0,0,0,0,0,3
wildfly,0,0,0,0,0,1,0,0,0,8,0,4,0.345,7,2,0,0,0,0,0,0,0,0,3
wildfly,0,0,0,0,0,1,0,0,0,4,0,18,0.3,20,2,0,1,1,2,2,2,0,0,16
wildfly,0,0,0,0,0,1,0,0,0,4,0,13,0.003,16,2,0,1,1,2,2,2,0,0,12
wildfly,0,0,0,0,0,1,0,0,0,4,0,20,0.414,22,2,0,1,1,2,2,2,0,0,19
wildfly,0,1,0,0,0,1,0,0,0,28,5,24,0.076,26,2,0,1,1,2,2,2,0,0,23
wildfly,0,1,1,0,0,1,0,0,0,49,6,6,0.238,15,5,0,1,1,1,1,1,1,0,0
wildfly,0,1,1,0,0,1,0,0,0,49,6,3,0.001,6,4,0,1,1,1,1,1,1,0,0
wildfly,0,1,1,0,0,1,0,0,0,49,6,3,0.001,6,4,0,1,1,1,1,1,1,0,0
wildfly,0,1,1,0,0,1,0,0,0,49,6,55,0.38,275,103,0,1,1,1,1,1,1,15,0
wildfly,0,1,1,0,0,1,0,0,0,49,6,54,0.348,274,103,0,1,1,1,1,1,1,15,0
wildfly,0,1,1,0,0,1,0,0,0,49,6,54,0.361,276,103,0,1,1,1,1,1,1,15,0
wildfly,0,1,1,0,0,1,0,0,0,49,6,54,0.31,276,103,0,1,1,1,1,1,1,15,0
wildfly,0,1,0,0,0,1,0,0,0,52,2,74,4.803,519,148,0,1,1,1,1,1,1,27,0
wildfly,0,1,0,0,0,1,0,0,0,52,2,56,0.67,304,103,0,1,1,1,1,1,1,15,0
wildfly,0,1,0,0,0,1,0,0,0,52,2,56,0.547,303,103,0,1,1,1,1,1,1,15,0
wildfly,0,1,0,0,0,1,0,0,0,52,2,56,0.436,303,103,0,1,1,1,1,1,1,15,0
wildfly,0,1,0,0,0,1,0,0,0,52,2,56,0.434,303,103,0,1,1,1,1,1,1,15,0
wildfly,0,1,0,0,0,1,0,0,0,52,2,56,0.57,303,103,0,1,1,1,1,1,1,15,0
wildfly,0,1,0,0,0,1,0,0,0,52,2,56,0.43,303,103,0,1,1,1,1,1,1,15,0
wildfly,0,0,0,0,0,1,0,0,0,3,0,57,6.237,465,160,0,1,1,1,1,1,1,27,1
wildfly,0,0,0,0,0,1,0,0,0,3,0,42,2.214,313,132,0,1,1,1,1,1,1,27,1
wildfly,0,0,0,0,0,1,0,0,0,3,0,36,2.118,303,132,0,1,1,1,1,1,1,27,0
wildfly,0,0,0,0,0,1,0,0,0,3,0,54,2.412,292,117,0,1,1,1,1,1,1,8,0
wildfly,0,0,0,0,0,1,0,0,0,3,0,48,1.568,322,132,0,1,1,1,1,1,1,27,1
wildfly,0,0,0,0,0,1,0,0,0,3,0,40,1.953,331,132,0,1,1,1,1,1,1,27,0
wildfly,0,1,0,0,0,1,0,0,0,51,9,41,0.73,283,104,0,1,1,1,1,1,1,20,0
wildfly,0,1,0,0,0,0,0,0,0,18,3,36,4.217,404,149,0,1,1,1,1,1,1,27,7
wildfly,0,1,0,0,0,1,0,0,0,22,3,18,0.55,257,104,0,1,1,1,1,1,1,8,0
wildfly,0,1,0,0,0,1,0,0,0,18,3,19,0.499,258,104,0,1,1,1,1,1,1,11,0
wildfly,0,0,0,0,0,1,0,0,0,7,0,32,0.336,262,105,0,1,1,1,1,1,1,8,0
wildfly,0,1,0,0,0,1,0,0,0,56,21,58,0.369,307,104,0,1,1,1,1,1,1,18,0
wildfly,0,1,0,0,0,1,0,0,0,21,6,35,0.685,261,104,0,1,1,1,1,1,1,11,0
wildfly,0,1,0,0,0,1,0,0,0,21,5,33,0.479,259,104,0,1,1,1,1,1,1,8,0
wildfly,0,1,0,0,0,1,0,0,0,56,21,59,0.439,312,104,0,1,1,1,1,1,1,18,0
wildfly,0,1,0,0,0,1,0,0,0,21,5,39,4.805,405,149,0,1,1,1,1,1,1,27,3
wildfly,0,1,0,0,0,1,0,0,0,18,5,33,0.427,259,104,0,1,1,1,1,1,1,8,0
wildfly,0,1,0,0,0,1,0,0,0,31,19,16,0.553,132,13,0,0,0,0,0,0,0,12,0
wildfly,0,1,0,0,0,1,0,0,0,34,21,18,0.724,126,15,0,0,0,0,0,0,0,12,0
wildfly,0,0,0,0,0,0,0,0,0,4,0,5,2.507,43,11,0,0,0,0,0,0,0,16,0
wildfly,0,0,0,0,0,0,0,0,0,4,0,4,0.264,20,11,0,0,0,0,0,0,0,16,0
wildfly,0,0,0,0,0,1,0,0,0,10,1,6,0.897,24,6,0,0,0,0,0,0,0,16,0
wildfly,0,0,0,0,0,0,0,0,0,28,1,2,0.001,7,2,0,0,0,0,0,0,0,0,0
wildfly,0,0,0,0,0,0,0,0,0,29,1,2,0.001,7,2,0,0,0,0,0,0,0,0,0
wildfly,0,0,0,0,0,0,0,0,0,29,1,2,0.001,8,2,0,0,0,0,0,0,0,0,0
wildfly,0,0,0,0,0,0,0,0,0,29,1,2,0.001,7,2,0,0,0,0,0,0,0,0,0
wildfly,0,0,0,0,0,0,0,0,0,29,1,2,0.002,7,2,0,0,0,0,0,0,0,0,0
wildfly,0,0,0,0,0,0,0,0,0,30,1,2,0.004,7,2,0,0,0,0,0,0,0,0,0
wildfly,0,0,0,0,0,0,0,0,0,30,1,2,0.477,7,2,0,0,0,0,0,0,0,0,0
wildfly,0,0,0,0,0,0,0,0,0,31,1,0,0,1,1,0,0,0,0,0,0,0,0,0
wildfly,0,0,0,0,0,0,0,0,0,8,0,0,0.001,1,1,0,0,0,0,0,0,0,0,0
wildfly,0,0,0,0,0,0,0,0,0,8,0,0,0.001,1,1,0,0,0,0,0,0,0,0,0
wildfly,0,1,0,0,0,1,0,0,0,29,12,35,4.043,797,59,0,1,1,1,1,1,1,22,0
wildfly,0,1,0,0,0,1,0,0,0,12,6,21,0.57,118,26,0,0,0,0,0,0,0,1,0
wildfly,0,0,0,0,0,1,0,0,0,4,0,2,0.284,98,32,0,0,0,0,0,0,0,0,0
wildfly,0,0,0,0,0,1,0,0,0,4,0,1,3.951,280,51,0,0,0,0,0,0,0,17,0
wildfly,0,1,1,0,0,1,0,0,0,25,5,25,0.994,238,32,0,0,0,0,0,0,0,12,0
wildfly,0,0,0,0,0,1,0,0,0,5,0,13,3.57,696,51,0,1,1,1,1,1,1,22,0
wildfly,0,0,0,0,0,1,0,0,0,3,0,10,0.663,112,27,0,0,0,0,0,0,0,1,0
wildfly,0,0,0,0,0,1,0,0,0,3,0,10,1.243,96,25,0,0,0,0,0,0,0,1,0
wildfly,0,0,0,0,0,1,0,0,0,3,0,21,4.547,775,57,0,1,1,1,1,1,1,22,0
wildfly,0,0,0,0,0,1,0,0,0,3,0,20,1.333,613,60,0,0,0,0,0,0,0,22,0
wildfly,0,0,0,0,0,0,0,0,0,4,0,1,0.639,10,3,0,0,0,0,0,0,0,0,0
wildfly,0,0,0,0,0,1,0,0,0,3,0,24,1.321,356,47,0,0,0,0,0,0,0,15,0
wildfly,0,0,0,0,0,1,0,0,0,3,0,22,1.455,625,59,0,0,0,0,0,0,0,22,0
wildfly,0,0,0,0,0,1,0,0,0,3,0,25,2.213,388,50,0,1,1,1,1,1,1,15,0
wildfly,0,0,0,0,0,1,0,0,0,3,0,24,1.056,356,47,0,0,0,0,0,0,0,15,0
wildfly,0,1,0,0,0,1,0,0,0,61,9,43,0.129,124,32,0,0,0,0,0,0,0,24,0
wildfly,0,0,0,0,0,0,0,0,0,3,0,8,0.803,82,37,0,0,0,0,0,0,0,0,0
wildfly,0,0,0,0,0,0,0,0,0,3,0,14,3.817,281,50,0,0,0,0,0,0,0,17,0
wildfly,0,0,0,0,0,0,0,0,0,4,0,1,0.623,8,3,0,0,0,0,0,0,0,0,0
wildfly,0,0,0,0,0,1,0,0,0,3,0,19,2.325,257,51,0,1,1,1,1,1,1,17,0
wildfly,0,0,0,0,0,1,0,0,0,3,0,21,1.123,273,50,0,0,0,0,0,0,0,17,0
wildfly,0,0,0,0,0,1,0,0,0,3,0,26,2.018,597,51,0,1,1,1,1,1,1,22,0
wildfly,0,0,0,0,0,1,0,0,0,3,0,38,0.871,194,30,0,0,0,0,0,0,0,12,0
wildfly,0,0,0,0,0,1,0,0,0,3,0,42,0.545,184,29,0,0,0,0,0,0,0,0,0
wildfly,0,0,0,0,0,1,0,0,0,3,0,37,4.109,734,50,0,1,1,1,1,1,1,22,0
wildfly,0,0,0,0,0,1,0,0,0,3,0,39,0.48,175,29,0,0,0,0,0,0,0,0,0
wildfly,0,0,0,0,0,0,0,0,0,4,0,7,0.617,13,3,0,0,0,0,0,0,0,0,0
wildfly,0,1,0,0,0,1,0,0,0,7,2,6,1.257,18,5,0,0,0,0,0,0,0,0,0
wildfly,0,1,0,0,0,1,0,0,0,6,2,7,0.937,24,9,0,0,0,0,0,0,0,0,0
wildfly,0,1,0,0,0,1,0,0,0,7,3,6,0.005,17,4,0,0,0,0,0,0,0,0,0
wildfly,0,0,0,0,0,1,0,0,0,6,1,2,0.246,14,4,0,0,0,0,0,0,0,0,0
wildfly,0,0,1,0,0,1,0,0,0,31,1,19,3.992,398,41,0,0,0,0,0,0,0,11,0
wildfly,0,1,0,0,0,1,0,0,0,19,10,13,0.238,91,27,0,0,0,0,0,0,0,0,0
wildfly,0,1,0,0,0,0,0,0,0,59,6,13,3.214,553,101,0,1,1,1,1,1,1,11,1
wildfly,0,0,0,0,0,0,0,0,0,30,0,43,0.216,347,92,0,1,1,1,1,1,1,11,3
wildfly,0,0,0,0,0,1,0,0,0,3,0,27,0.979,125,29,0,0,0,0,0,0,0,19,0
wildfly,0,0,0,0,0,1,0,0,0,3,0,55,3.846,321,82,0,1,1,1,1,1,1,19,0
wildfly,0,0,0,0,0,1,0,0,0,3,0,29,1.071,146,31,0,0,0,0,0,0,0,19,0
wildfly,0,0,0,1,1,0,0,0,0,30,1,4,0.29,16,5,0,0,0,0,0,0,0,0,0
wildfly,0,0,1,1,1,0,0,0,0,27,1,4,0.001,13,4,0,0,0,0,0,0,0,0,0
wildfly,0,0,0,1,1,0,0,0,0,43,1,7,5.024,21,5,0,0,0,0,0,0,0,0,0
wildfly,0,1,0,0,0,1,0,0,0,10,2,3,0.006,13,2,0,0,0,0,0,0,0,0,0
wildfly,0,1,0,0,0,1,0,0,0,10,2,3,0.01,10,2,0,0,0,0,0,0,0,0,0
wildfly,0,1,0,0,0,1,0,0,0,21,2,10,0,25,5,0,0,0,0,0,0,0,0,0
wildfly,0,1,0,0,1,1,0,0,0,50,3,25,0.026,36,6,0,0,0,0,0,0,0,0,0
wildfly,0,1,0,0,0,1,0,0,0,28,4,10,1.556,29,6,0,0,0,0,0,0,0,0,0
wildfly,0,0,0,0,0,1,0,0,0,3,0,19,1.107,219,86,0,0,0,0,0,0,0,1,0
wildfly,0,1,0,0,0,0,0,0,0,37,2,5,3.274,942,137,0,1,1,1,1,1,1,25,0
wildfly,0,0,0,0,0,0,0,0,0,4,0,5,0.818,12,2,0,0,0,0,0,0,0,0,0
wildfly,0,0,0,0,0,1,0,0,0,6,0,41,4.933,937,144,0,1,1,1,1,1,1,25,0
wildfly,0,0,0,0,0,0,0,0,0,4,0,2,1.662,31,3,0,0,0,0,0,0,0,0,0
wildfly,0,0,0,0,0,1,0,0,0,6,0,41,2.657,438,117,0,1,1,1,1,1,1,20,0
wildfly,0,0,0,0,0,0,0,0,0,16,0,5,2.434,67,15,0,0,0,0,0,0,0,1,0
wildfly,0,1,1,0,0,1,0,0,0,50,4,16,0.001,62,13,0,0,0,0,0,0,0,16,0
wildfly,0,1,1,0,0,1,0,0,0,49,4,16,0.01,64,13,0,0,0,0,0,0,0,16,0
wildfly,0,1,1,0,0,1,0,0,0,47,4,16,0.001,64,13,0,0,0,0,0,0,0,16,0
wildfly,0,1,1,0,0,1,0,0,0,47,4,16,0,64,13,0,0,0,0,0,0,0,16,0
wildfly,0,1,0,0,0,1,0,0,0,27,7,23,0.008,54,14,0,0,0,0,0,0,0,1,0
wildfly,0,0,0,0,0,1,0,0,0,11,0,17,0.002,45,12,0,0,0,0,0,0,0,1,0
wildfly,0,1,0,0,0,1,0,0,0,21,2,19,1.649,69,13,0,1,1,1,1,1,2,19,0
wildfly,0,1,1,0,0,1,0,0,0,54,4,15,0.012,60,12,0,1,1,1,1,1,2,19,0
wildfly,0,1,1,0,0,1,0,0,0,54,4,15,0.001,64,12,0,1,1,1,1,1,2,19,0
wildfly,0,0,1,0,0,1,0,0,0,31,1,15,0.001,59,14,0,0,0,0,0,0,0,1,0
wildfly,0,1,0,0,0,1,0,0,0,28,7,21,0.136,98,13,0,0,0,0,0,0,0,1,0
wildfly,0,1,0,0,0,1,0,0,0,28,7,23,0.006,52,13,0,0,0,0,0,0,0,1,0
wildfly,0,1,0,0,0,1,0,0,0,28,7,23,0,58,15,0,0,0,0,0,0,0,1,0
wildfly,0,1,0,0,0,1,0,0,0,28,7,22,0,53,13,0,0,0,0,0,0,0,1,0
wildfly,0,1,0,0,0,0,0,0,1,55,2,0,0.227,81,13,0,0,0,0,0,0,0,1,0
wildfly,0,0,0,0,0,1,0,0,0,12,1,11,0.001,16,2,0,0,0,0,0,0,0,0,0
wildfly,0,1,0,0,0,1,0,0,0,81,7,56,0.006,61,2,0,0,0,0,0,0,0,0,0
wildfly,0,1,0,0,0,1,0,0,0,78,7,53,0.004,58,2,0,0,0,0,0,0,0,0,0
wildfly,0,0,0,0,0,1,0,0,0,12,1,11,0.003,16,2,0,0,0,0,0,0,0,0,0
wildfly,0,0,0,0,0,1,0,0,0,12,1,11,0.002,16,2,0,0,0,0,0,0,0,0,0
wildfly,0,0,0,0,0,1,0,0,0,12,1,11,0.062,16,2,0,0,0,0,0,0,0,0,0
wildfly,0,1,0,0,0,1,0,0,0,40,4,25,0.001,28,2,0,0,0,0,0,0,0,0,0
wildfly,0,1,0,0,0,1,0,0,0,16,2,2,0.368,15,3,0,0,0,0,0,0,0,0,0
wildfly,0,0,0,0,0,1,0,0,0,9,1,2,0.007,14,2,0,0,0,0,0,0,0,0,0
wildfly,0,0,0,0,0,0,0,0,0,3,1,1,0.01,9,3,0,1,1,1,1,1,1,0,0
wildfly,0,0,0,0,0,0,0,0,0,3,1,1,0.002,7,3,0,1,1,1,1,1,1,0,0
wildfly,0,0,0,0,0,0,0,0,0,3,1,1,0.003,10,3,0,1,1,1,1,1,1,0,0
wildfly,0,0,0,0,0,0,0,0,0,3,1,1,0.002,12,3,0,1,1,1,1,1,1,0,0
wildfly,0,0,0,0,0,0,0,0,0,3,1,0,0.61,15,4,0,1,1,1,1,1,1,0,0
wildfly,0,0,0,0,0,0,0,0,0,3,1,0,0.004,10,3,0,1,1,1,1,1,1,0,0
wildfly,0,0,0,0,0,0,0,0,0,3,0,1,0.043,76,6,0,1,1,2,2,2,16,16,0
wildfly,0,0,0,0,0,0,0,0,0,3,0,1,0.022,49,6,0,1,1,2,2,2,16,16,0
wildfly,0,0,0,0,0,0,0,0,0,3,0,1,0.587,45,6,0,1,1,2,2,2,16,16,0
wildfly,0,0,0,0,0,0,0,0,0,3,0,1,0.003,46,6,0,1,1,2,2,2,16,16,0
wildfly,0,1,0,0,0,1,0,0,0,29,9,27,3.025,554,28,0,0,0,0,0,0,0,34,1
wildfly,0,0,0,0,0,0,0,0,0,3,0,3,0.43,67,22,0,1,1,0,0,0,0,9,0
wildfly,0,1,0,0,0,1,0,0,0,18,5,11,0.001,14,4,0,0,0,0,0,0,0,0,0
wildfly,0,1,0,0,0,1,0,0,0,18,5,11,0.003,16,4,0,0,0,0,0,0,0,0,0
wildfly,0,1,0,0,0,1,0,0,0,14,5,10,0.004,26,9,0,0,0,0,0,0,0,18,0
wildfly,0,0,0,0,0,1,0,0,0,9,1,2,0.084,5,3,0,0,0,0,0,0,0,0,0
wildfly,0,1,0,0,0,1,0,0,0,20,2,3,0.004,21,8,0,0,0,0,0,0,0,0,0
wildfly,0,0,0,0,0,1,0,0,0,9,1,2,0.01,14,7,0,0,0,0,0,0,0,0,0
wildfly,0,0,0,0,0,0,0,0,0,4,0,2,0.598,9,3,0,0,0,0,0,0,0,0,0
wildfly,0,0,0,0,0,0,0,0,0,3,0,5,0.384,76,24,0,1,1,0,0,0,0,19,0
wildfly,0,0,0,0,0,0,0,0,0,3,0,3,0.432,54,22,0,1,1,0,0,0,0,9,0
wildfly,0,0,0,0,0,0,0,0,0,3,0,5,3.555,492,23,0,1,1,0,0,0,0,19,0
wildfly,0,0,0,0,0,1,0,0,0,3,0,17,1.49,166,24,0,1,1,0,0,0,0,19,0
wildfly,0,0,0,0,0,1,0,0,0,3,0,18,1.439,166,23,0,1,1,0,0,0,0,19,0
wildfly,0,0,0,0,0,1,0,0,0,3,0,17,4.424,228,23,0,1,1,0,0,0,0,19,0
wildfly,0,1,0,0,0,1,0,0,0,8,2,7,0.203,325,6,0,1,1,2,0,0,0,18,0
wildfly,0,0,0,0,0,1,0,0,0,6,1,6,0,14,2,0,0,0,0,0,0,0,0,0
wildfly,0,0,0,0,0,1,0,0,0,6,1,5,0,15,2,0,0,0,0,0,0,0,9,0
wildfly,0,0,0,0,0,1,0,0,0,6,1,5,0.001,14,2,0,0,0,0,0,0,0,0,0
wildfly,0,1,0,0,0,1,0,0,0,20,7,18,0.001,42,2,0,1,1,2,0,0,0,9,0
wildfly,0,0,0,0,0,0,0,0,0,3,0,10,0.256,39,10,0,0,0,0,0,0,0,0,0
wildfly,0,0,0,0,0,0,0,0,0,3,0,10,0.333,39,10,0,0,0,0,0,0,0,0,0
wildfly,0,0,0,0,0,0,0,0,0,3,0,5,2.982,69,10,0,0,0,0,0,0,0,0,0
wildfly,0,0,0,0,0,0,0,0,0,4,0,1,1.304,9,4,0,1,1,1,1,1,1,0,0
wildfly,0,0,0,0,0,0,0,0,0,4,0,1,1.584,9,3,0,0,0,0,0,0,0,0,0
wildfly,0,0,0,0,0,1,0,0,0,4,1,2,0.112,4,2,0,0,0,0,0,0,0,0,0
wildfly,0,0,0,0,0,1,0,0,0,5,0,2,0.777,18,4,0,0,0,0,0,0,0,0,0
wildfly,0,0,0,0,0,1,0,0,0,5,0,3,0.003,5,4,0,0,0,0,0,0,0,0,0
wildfly,0,0,0,0,0,0,0,0,0,4,0,3,1.112,4,3,0,0,0,0,0,0,0,0,0
wildfly,0,1,0,0,0,1,0,0,0,5,2,4,0.008,8,3,0,0,0,0,0,0,0,0,0
wildfly,0,1,0,0,0,0,0,0,0,21,3,0,0.043,6,3,0,0,0,0,0,0,0,0,0
wildfly,0,0,0,0,0,1,0,0,0,9,1,12,0.005,22,4,0,0,0,0,0,0,0,0,0
wildfly,0,0,0,0,0,1,0,0,0,5,1,4,0.07,16,4,0,0,0,0,0,0,0,0,0
wildfly,0,1,0,0,0,1,0,0,0,13,5,13,0,21,4,0,0,0,0,0,0,0,0,0
wildfly,0,1,0,0,0,1,0,0,0,11,4,11,0,21,4,0,0,0,0,0,0,0,0,0
wildfly,0,1,0,0,0,1,0,0,0,11,4,11,0,20,4,0,0,0,0,0,0,0,0,0
wildfly,0,0,0,0,0,1,0,0,0,9,1,10,1.018,21,3,0,0,0,0,0,0,0,0,1
wildfly,0,1,0,0,0,1,0,0,0,12,4,8,0.175,14,3,0,0,0,0,0,0,0,0,0
wildfly,0,0,0,0,0,1,0,0,0,7,1,4,0.002,8,3,0,0,0,0,0,0,0,0,0
wildfly,0,1,0,0,0,1,0,0,0,11,3,7,0.004,10,3,0,0,0,0,0,0,0,0,0
wildfly,0,1,1,0,0,1,0,0,0,41,6,14,0.014,38,6,0,0,0,0,0,0,0,0,11
wildfly,0,1,0,0,0,0,0,0,0,19,2,2,0.77,8,1,0,0,0,0,0,0,0,0,0
wildfly,0,0,1,0,0,1,0,0,0,12,1,4,0,5,1,0,0,0,0,0,0,0,0,1
wildfly,0,0,0,0,0,1,0,0,1,23,0,4,0.02,27,6,0,0,0,0,0,0,0,0,7
wildfly,0,0,0,0,0,0,0,0,1,30,0,0,0.779,31,6,0,0,0,0,0,0,0,0,0
wildfly,0,0,0,0,0,1,0,0,1,56,0,9,0.02,39,6,0,0,0,0,0,0,0,18,1
wildfly,0,0,0,0,0,1,0,0,1,26,0,5,0.005,26,6,0,0,0,0,0,0,0,0,1
wildfly,0,0,0,0,0,1,0,0,0,21,1,10,0.681,60,8,0,1,1,1,1,1,1,18,0
wildfly,0,0,0,0,0,0,0,0,0,4,0,1,1.363,13,3,0,0,0,0,0,0,0,0,0
wildfly,0,1,0,0,0,1,0,0,0,6,4,4,0.003,8,2,0,0,0,0,0,0,0,0,0
wildfly,0,1,0,0,0,1,0,0,0,8,5,6,0,8,2,0,0,0,0,0,0,0,0,0
wildfly,0,1,0,0,0,1,0,0,0,22,18,18,0,20,2,0,0,0,0,0,0,0,0,0
wildfly,0,1,0,0,0,0,0,0,0,10,8,0,0.003,4,4,0,0,0,0,0,0,0,0,0
wildfly,0,0,0,0,0,0,0,0,0,4,0,1,1.572,5,2,0,0,0,0,0,0,0,0,0
wildfly,0,0,0,0,0,0,0,0,1,3,0,1,4.108,32,9,0,0,0,0,0,0,0,0,0
wildfly,0,0,0,0,0,1,0,0,1,3,0,8,1.151,41,9,0,0,0,0,0,0,0,0,0
wildfly,0,0,0,0,0,0,0,0,0,4,0,1,1.431,15,6,0,0,0,0,0,0,0,0,0
wildfly,0,1,0,0,0,0,0,0,0,21,5,0,0.734,107,10,0,0,0,0,0,0,0,0,0
wildfly,0,0,0,0,0,0,0,0,0,3,0,9,4.602,164,29,0,0,0,0,0,0,0,25,0
wildfly,0,0,0,0,0,0,0,0,0,3,0,8,0.853,72,27,0,0,0,0,0,0,0,25,0
wildfly,0,0,0,0,0,0,0,0,0,3,0,8,0.549,81,27,0,0,0,0,0,0,0,25,0
wildfly,0,1,1,0,0,1,0,0,0,56,4,7,0.261,75,29,0,0,0,0,0,0,0,25,0
wildfly,0,1,1,0,0,1,0,0,0,39,13,33,0.136,91,28,0,0,0,0,0,0,0,25,0
wildfly,0,0,1,0,0,0,0,0,0,5,0,2,0,9,4,0,0,0,0,0,0,0,0,0
wildfly,0,1,1,0,0,0,0,0,0,56,4,8,3.366,159,30,0,0,0,0,0,0,0,25,0
wildfly,0,1,1,0,0,1,0,0,0,42,15,34,0.227,101,27,0,0,0,0,0,0,0,25,0
wildfly,0,0,1,0,0,1,0,0,0,5,0,3,0.045,10,4,0,0,0,0,0,0,0,0,0
wildfly,0,0,0,0,0,0,0,0,0,4,0,1,0.983,9,4,0,0,0,0,0,0,0,0,0
wildfly,0,0,0,0,0,0,0,0,0,3,0,5,1.496,64,16,0,0,0,0,0,0,0,25,0
wildfly,0,0,0,0,0,0,0,0,0,3,0,5,1.131,113,17,0,0,0,0,0,0,0,25,0
wildfly,0,0,0,0,0,1,0,0,0,3,0,8,4.595,61,15,0,0,0,0,0,0,0,25,0
wildfly,0,0,0,0,0,1,0,0,0,3,0,6,1.43,103,15,0,0,0,0,0,0,0,25,0
wildfly,0,0,0,0,0,0,0,0,0,3,0,2,6.715,1898,93,0,0,0,0,0,0,0,26,0
wildfly,0,0,0,0,0,0,0,0,0,3,0,2,6.897,1898,93,0,0,0,0,0,0,0,26,0
wildfly,0,0,0,0,0,0,0,0,0,3,0,2,6.926,1899,93,0,0,0,0,0,0,0,26,0
wildfly,0,0,0,0,0,1,0,0,0,3,0,3,4.519,1814,89,0,0,0,0,0,0,0,26,0
wildfly,1,0,0,0,0,1,0,0,0,5,0,12,5.018,467,79,0,0,0,0,0,0,0,26,0
wildfly,0,0,0,0,0,0,0,0,0,4,0,4,1.254,14,4,0,0,0,0,0,0,0,0,0
wildfly,1,0,0,0,0,1,0,0,0,3,0,17,4.749,532,87,0,0,0,0,0,0,0,22,0
wildfly,0,1,0,0,0,1,0,0,0,59,24,47,0.609,122,35,0,0,0,0,0,0,0,19,0
wildfly,0,0,0,0,0,1,0,0,0,3,0,90,5.339,2038,96,0,0,0,0,0,0,0,26,1
wildfly,0,0,0,0,0,1,0,0,0,3,0,38,1.012,237,62,0,0,0,0,0,0,0,18,0
wildfly,0,0,0,0,0,0,0,0,0,3,0,3,5.865,1906,93,0,0,0,0,0,0,0,26,0
wildfly,0,0,0,0,0,1,0,0,0,11,1,15,2.801,1547,79,0,0,0,0,0,0,0,26,0
wildfly,0,1,0,0,0,1,0,0,0,17,5,11,0.041,14,2,0,0,0,0,0,0,0,0,0
wildfly,0,1,1,0,0,1,0,0,0,15,2,8,0.307,31,15,0,0,0,0,0,0,0,0,0
wildfly,0,0,0,0,0,1,0,0,0,7,1,6,0.002,27,12,0,0,0,0,0,0,0,0,0
wildfly,0,1,0,0,0,1,0,0,0,32,5,9,0.8,27,12,0,0,0,0,0,0,0,0,0
wildfly,0,1,0,0,1,1,0,0,0,13,3,6,0.002,40,13,0,0,0,0,0,0,0,0,0
wildfly,0,0,0,0,0,1,0,0,0,7,1,6,0.001,31,12,0,0,0,0,0,0,0,0,0
wildfly,0,0,0,0,0,1,0,0,0,7,1,6,0.001,35,12,0,0,0,0,0,0,0,0,0
wildfly,0,1,0,0,0,1,0,0,0,9,2,8,0.004,39,13,0,0,0,0,0,0,0,0,0
wildfly,0,1,0,0,0,0,0,0,0,11,2,2,0.003,11,7,0,0,0,0,0,0,0,0,0
wildfly,0,1,0,0,1,1,0,0,0,12,2,8,0,41,13,0,0,0,0,0,0,0,0,0
wildfly,0,1,1,0,1,1,0,0,0,29,5,17,0.004,70,17,0,0,0,0,0,0,0,0,0
wildfly,0,1,1,0,1,1,0,0,0,36,10,17,0.018,77,17,0,0,0,0,0,0,0,0,0
wildfly,0,0,0,0,0,0,0,0,0,6,1,2,0.246,23,12,0,0,0,0,0,0,0,0,1
wildfly,0,0,0,0,0,0,0,0,0,6,1,3,0,16,9,0,0,0,0,0,0,0,0,0
wildfly,0,1,0,0,0,1,0,0,0,6,2,6,0.002,13,7,0,0,0,0,0,0,0,0,0
wildfly,0,0,0,0,0,0,0,0,0,6,1,3,0.001,16,9,0,0,0,0,0,0,0,0,0
wildfly,0,0,0,0,1,1,0,0,0,7,1,7,0,34,12,0,0,0,0,0,0,0,0,0
wildfly,0,1,0,0,0,0,0,0,0,11,2,2,0,11,7,0,0,0,0,0,0,0,0,0
wildfly,0,0,0,0,0,0,0,0,0,6,1,3,0.001,17,10,0,0,0,0,0,0,0,0,0
wildfly,0,0,0,0,0,0,0,0,0,6,1,3,0.005,18,10,0,0,0,0,0,0,0,0,0
wildfly,0,1,0,0,1,1,0,0,0,11,2,11,0.003,65,25,0,0,0,0,0,0,0,0,0
wildfly,0,1,0,0,1,1,0,0,0,13,2,16,0.002,73,28,0,0,0,0,0,0,0,0,0
wildfly,0,1,0,0,1,1,0,0,0,6,2,4,0.019,51,22,0,0,0,0,0,0,0,0,0
wildfly,0,0,0,0,1,1,0,0,0,11,0,6,0.003,83,27,0,0,0,0,0,0,0,0,0
wildfly,0,0,0,0,1,1,0,0,0,11,0,7,0.006,84,27,0,0,0,0,0,0,0,0,0
wildfly,0,1,0,0,0,0,0,0,0,14,2,0,0.181,47,20,0,0,0,0,0,0,0,0,0
wildfly,0,0,0,0,1,1,0,0,0,13,0,9,0.003,94,30,0,0,0,0,0,0,0,0,0
wildfly,0,1,0,0,0,0,0,0,0,14,2,0,0.002,46,19,0,0,0,0,0,0,0,0,0
wildfly,0,0,0,0,1,1,0,0,0,13,0,10,0.002,100,30,0,0,0,0,0,0,0,0,0
wildfly,0,1,0,0,1,1,0,0,0,12,2,9,0.002,62,22,0,0,0,0,0,0,0,0,0
wildfly,0,1,0,0,1,1,0,0,0,14,2,13,0.002,84,24,0,0,0,0,0,0,0,0,0
wildfly,0,1,0,0,0,1,0,0,0,12,4,8,0.002,41,16,0,0,0,0,0,0,0,0,0
wildfly,0,1,0,0,1,1,0,0,0,21,4,19,0.013,92,30,0,0,0,0,0,0,0,0,0
wildfly,0,1,0,0,0,0,0,0,0,14,2,0,0.002,46,19,0,0,0,0,0,0,0,0,0
wildfly,0,1,0,0,1,1,0,0,0,12,2,11,0.007,66,24,0,0,0,0,0,0,0,0,0
wildfly,0,1,0,0,1,1,0,0,0,13,2,16,0.003,90,26,0,0,0,0,0,0,0,0,0
wildfly,0,1,0,0,1,1,0,0,0,13,2,15,0.005,89,26,0,0,0,0,0,0,0,0,0
wildfly,0,1,0,0,1,1,0,0,0,13,2,11,0.002,62,23,0,0,0,0,0,0,0,0,0
wildfly,0,1,0,0,1,1,0,0,0,15,2,15,0.129,77,29,0,0,0,0,0,0,0,0,0
wildfly,0,1,0,0,1,1,0,0,0,18,2,8,0.003,64,24,0,0,0,0,0,0,0,0,0
wildfly,0,1,0,0,1,1,0,0,0,20,3,16,0.006,60,14,0,0,0,0,0,0,0,0,0
wildfly,0,1,0,0,1,1,0,0,0,22,3,16,0.004,56,14,0,0,0,0,0,0,0,0,0
wildfly,0,1,0,0,1,1,0,0,0,18,3,15,0.006,50,14,0,0,0,0,0,0,0,0,0
wildfly,0,1,0,0,1,1,0,0,0,18,3,15,0.005,60,14,0,0,0,0,0,0,0,0,0
wildfly,0,1,0,0,1,1,0,0,0,18,3,14,0.562,41,17,0,0,0,0,0,0,0,0,0
wildfly,0,1,0,0,0,1,0,0,0,9,2,7,0.054,52,21,0,0,0,0,0,0,0,0,0
wildfly,0,1,0,0,0,1,0,0,0,8,2,6,0.001,38,15,0,0,0,0,0,0,0,0,0
wildfly,0,1,0,0,1,1,0,0,0,32,2,4,0.01,14,4,0,0,0,0,0,0,0,0,0
wildfly,0,1,1,0,1,1,0,0,0,40,4,5,0.022,19,8,0,0,0,0,0,0,0,0,0
wildfly,0,0,0,0,0,1,0,0,0,4,1,2,0.002,7,3,0,0,0,0,0,0,0,0,0
wildfly,0,1,0,0,1,1,0,0,0,9,2,5,1.016,14,5,0,0,0,0,0,0,0,0,0
wildfly,0,1,0,0,1,1,0,0,0,24,8,5,0.006,19,8,0,0,0,0,0,0,0,0,0
wildfly,0,1,0,0,0,1,0,0,0,23,6,21,0.041,40,11,0,0,0,0,0,0,0,0,0
wildfly,0,1,0,0,0,1,0,0,0,7,2,6,0.001,14,3,0,0,0,0,0,0,0,0,0
wildfly,0,1,1,0,1,1,0,0,0,149,2,5,0.01,20,10,0,0,0,0,0,0,0,0,0
wildfly,0,0,0,0,0,1,0,0,0,18,0,12,2.865,149,23,0,0,0,0,0,0,0,2,0
wildfly,0,0,0,0,0,1,0,0,0,16,0,11,0.106,51,19,0,0,0,0,0,0,0,0,0
wildfly,0,0,1,0,0,1,0,0,0,28,1,12,0.169,72,20,0,0,0,0,0,0,0,0,0
wildfly,1,0,0,0,0,1,0,0,0,3,0,6,1.962,77,23,0,0,0,0,0,0,0,0,0
wildfly,1,0,0,0,0,1,0,0,0,3,0,4,1.244,72,24,0,0,0,0,0,0,0,0,0
wildfly,0,0,0,0,0,0,0,0,0,4,0,3,0.962,8,2,0,0,0,0,0,0,0,0,0
wildfly,0,0,0,0,1,1,0,0,0,11,1,6,0.047,29,13,0,1,1,1,1,1,0,0,0
wildfly,0,0,0,0,1,1,0,0,0,11,1,6,0.023,29,13,0,1,1,1,1,1,0,0,0
wildfly,0,0,0,0,1,1,0,0,0,7,1,2,0.02,19,10,0,1,1,1,1,1,0,0,0
wildfly,0,0,0,0,1,1,0,0,0,8,1,4,1.052,39,20,0,1,1,1,1,1,0,0,3
wildfly,0,0,0,0,1,1,0,0,0,7,1,2,0.02,20,10,0,1,1,1,1,1,0,0,0
wildfly,0,1,0,0,1,1,0,0,0,46,7,13,0.056,52,14,0,1,1,1,1,1,0,0,0
wildfly,0,1,0,0,1,1,0,0,0,27,3,7,0.01,36,13,0,1,1,1,1,1,0,0,0
wildfly,0,1,1,0,1,1,0,0,0,75,12,25,0.078,95,25,0,1,1,1,1,1,0,0,0
wildfly,0,0,0,0,1,1,0,0,0,13,1,7,0.016,31,13,0,1,1,1,1,1,0,0,0
wildfly,0,0,0,0,1,1,0,0,0,7,1,2,0.023,18,10,0,1,1,1,1,1,0,0,0
wildfly,0,0,0,0,1,1,0,0,0,16,1,5,0.019,33,13,0,1,1,1,1,1,0,0,0
wildfly,0,0,0,0,1,1,0,0,0,7,1,2,0.012,19,10,0,1,1,1,1,1,0,0,0
wildfly,0,1,0,0,0,0,0,0,0,8,2,1,0.006,48,6,0,0,0,0,0,0,0,0,0
wildfly,0,0,0,0,0,0,0,0,0,4,0,5,0.686,251,17,0,0,0,0,0,0,0,0,0
wildfly,0,1,0,0,0,0,0,0,0,8,2,1,0.138,30,7,0,0,0,0,0,0,0,0,0
wildfly,0,0,0,0,0,0,0,0,0,3,0,2,4.124,421,70,0,0,0,0,0,0,0,25,0
wildfly,0,1,0,0,0,0,0,0,0,27,2,6,3.303,581,97,0,1,1,2,2,2,0,25,0
wildfly,0,0,0,0,0,1,0,0,0,22,0,16,3.26,432,70,0,0,0,0,0,0,0,25,0
wildfly,0,0,0,0,0,1,0,0,0,23,0,19,0.506,209,57,0,0,0,0,0,0,0,0,0
wildfly,0,0,0,0,0,0,0,0,0,4,0,3,1.64,31,3,0,0,0,0,0,0,0,0,0
wildfly,0,0,0,0,0,1,0,0,0,3,0,18,8.007,414,71,0,0,0,0,0,0,0,25,0
wildfly,0,0,0,0,0,1,0,0,0,3,0,11,3.28,343,70,0,0,0,0,0,0,0,15,0
wildfly,0,1,1,0,0,1,0,0,0,29,3,7,2.208,36,13,0,0,0,0,0,0,0,0,5
wildfly,0,1,0,0,0,1,0,0,0,16,2,3,0.994,13,4,0,0,0,0,0,0,0,10,0
wildfly,0,0,0,0,0,1,1,1,0,3,0,5,0.24,31,8,0,0,0,0,0,0,0,10,0
wildfly,0,0,0,0,0,1,1,1,0,3,0,6,1.581,22,9,0,0,0,0,0,0,0,10,0
wildfly,0,0,0,0,0,1,1,1,0,3,0,5,0.579,31,8,0,0,0,0,0,0,0,10,0
wildfly,0,0,0,0,0,0,0,0,0,4,1,0,0.256,8,3,0,0,0,0,0,0,0,0,0
wildfly,0,1,0,0,0,1,0,0,0,5,2,3,0,8,2,0,0,0,0,0,0,0,0,0
wildfly,0,1,0,0,0,1,0,0,0,5,2,3,0.019,7,2,0,0,0,0,0,0,0,0,0
wildfly,0,0,0,0,0,0,0,0,0,4,0,0,1.295,15,4,0,0,0,0,0,0,0,0,0
wildfly,0,0,0,0,0,0,0,0,0,5,1,0,0.044,1,1,0,0,0,0,0,0,0,1,0
wildfly,0,0,0,0,0,1,0,0,0,5,1,8,0.592,8,1,0,0,0,0,0,0,0,1,0
wildfly,0,0,0,0,0,0,0,0,0,3,0,0,0.056,1,1,0,0,0,0,0,0,0,1,0
wildfly,0,0,0,0,0,0,0,0,0,3,1,7,0.066,9,2,0,0,0,0,0,0,0,1,0
wildfly,0,0,0,0,0,1,0,0,0,4,1,54,0.732,57,2,0,0,0,0,0,0,0,1,0
wildfly,0,1,0,0,0,0,0,0,0,18,3,0,0.696,1,1,0,0,0,0,0,0,0,1,0
wildfly,0,0,0,0,0,0,0,0,0,4,0,0,0.055,1,1,0,0,0,0,0,0,0,1,0
wildfly,0,0,0,0,0,0,0,0,0,4,0,0,0.057,1,1,0,0,0,0,0,0,0,1,0
wildfly,0,0,0,0,0,0,0,0,0,5,0,0,0.076,1,1,0,0,0,0,0,0,0,1,0
wildfly,0,0,0,0,0,0,0,0,0,4,0,0,0.06,1,1,0,0,0,0,0,0,0,1,0
wildfly,0,0,0,0,0,1,0,0,0,3,0,1,0.343,2,1,0,0,0,0,0,0,0,1,0
wildfly,0,0,0,0,0,1,0,0,0,3,0,1,0.142,2,1,0,0,0,0,0,0,0,1,0
wildfly,1,1,0,0,0,0,0,0,0,5,2,0,0.985,6,1,0,0,0,0,0,0,0,0,0
wildfly,0,1,0,0,0,1,0,0,0,14,2,1,0.526,10,1,0,0,0,0,0,0,0,2,6
wildfly,0,1,1,0,0,1,0,0,1,45,11,2,0.076,2,1,0,0,0,0,0,0,0,1,1
wildfly,0,0,1,0,0,0,0,0,1,10,0,0,0.52,2,1,0,0,0,0,0,0,0,0,0
wildfly,0,0,0,0,0,0,0,0,0,3,0,0,2.036,1,1,0,1,1,1,1,1,1,0,0
wildfly,0,0,0,0,0,1,0,0,0,3,0,5,1.252,9,1,0,1,1,1,1,1,1,0,0
wildfly,0,0,0,0,0,1,0,0,0,3,0,7,1.018,11,1,0,1,1,1,1,1,1,0,0
wildfly,0,0,0,0,0,1,0,0,0,3,0,5,0.961,9,1,0,1,1,1,1,1,1,0,0
wildfly,0,0,0,0,0,0,0,0,0,11,0,0,1.093,1,1,0,0,0,0,0,0,0,0,0
wildfly,0,0,0,0,0,1,0,0,0,11,0,2,0.048,13,1,0,0,0,0,0,0,0,1,9
wildfly,0,0,0,0,0,1,0,0,0,10,0,2,0.133,14,1,0,0,0,0,0,0,0,1,9
wildfly,0,1,0,0,0,1,0,0,0,14,2,1,0.44,10,1,0,0,0,0,0,0,0,2,6
wildfly,0,1,0,0,0,0,0,0,1,36,4,0,0.575,1,1,0,0,0,0,0,0,0,1,0
wildfly,0,0,0,0,0,1,0,0,1,16,0,11,0.079,15,1,0,0,0,0,0,0,0,2,9
wildfly,0,1,1,0,0,1,0,0,1,52,6,27,0.697,34,1,0,0,0,0,0,0,0,2,19
wildfly,0,0,0,0,0,1,0,0,1,9,0,39,0.068,48,1,0,0,0,0,0,0,0,2,31
wildfly,0,1,1,0,0,1,0,0,1,90,12,49,0.087,59,1,0,0,0,0,0,0,0,2,39
wildfly,0,0,0,0,0,1,0,0,0,4,0,1,0.166,15,1,0,1,1,1,1,1,1,8,9
wildfly,0,0,0,0,0,0,0,0,0,4,0,0,0.718,4,1,0,1,1,1,1,1,1,0,0
wildfly,0,0,0,0,0,1,0,0,0,4,0,1,0.022,11,1,0,1,1,1,1,1,1,8,9
wildfly,0,0,0,0,0,0,0,0,1,8,0,4,3.237,27,3,0,0,0,0,0,0,0,0,0
wildfly,0,0,0,0,0,0,0,0,1,8,0,0,0.587,29,4,0,0,0,0,0,0,0,0,0
wildfly,0,0,0,0,0,0,0,0,1,9,0,4,0.464,20,6,0,0,0,0,0,0,0,0,1
wildfly,0,0,0,0,0,1,0,0,1,10,0,2,0.38,16,4,0,0,0,0,0,0,0,1,0
wildfly,0,1,0,0,0,1,0,0,0,18,4,1,0.526,13,1,0,0,0,0,0,0,0,2,8
wildfly,0,0,0,0,0,0,0,0,0,4,1,0,0.053,1,1,0,0,0,0,0,0,0,0,0
wildfly,0,0,0,0,0,0,0,0,0,4,1,0,0.044,1,1,0,0,0,0,0,0,0,0,0
wildfly,0,0,0,0,0,1,0,0,0,4,1,4,0.737,13,1,0,0,0,0,0,0,0,0,0
wildfly,0,0,0,0,0,0,0,0,0,4,1,0,0.061,1,1,0,0,0,0,0,0,0,0,0
wildfly,0,0,0,0,0,0,0,0,0,4,1,0,0.062,1,1,0,0,0,0,0,0,0,0,0
wildfly,0,0,0,0,0,1,0,0,0,4,1,2,0.584,8,1,0,0,0,0,0,0,0,0,0
wildfly,0,0,0,0,0,0,0,0,1,11,1,4,0.176,5,1,0,0,0,0,0,0,0,1,0
wildfly,0,0,0,0,0,0,0,0,1,11,1,4,0.171,5,1,0,0,0,0,0,0,0,1,0
wildfly,0,0,0,0,0,0,0,0,1,10,1,0,1.19,1,1,0,0,0,0,0,0,0,1,0
wildfly,0,0,0,0,0,0,0,0,1,10,1,4,0.04,5,1,0,0,0,0,0,0,0,1,0
wildfly,0,0,0,0,0,0,0,0,0,3,0,0,0.784,2,1,0,0,0,0,0,0,0,0,0
wildfly,0,1,0,0,0,1,0,0,0,10,2,1,0.2,9,1,0,0,0,0,0,0,0,2,4
wildfly,0,0,0,0,0,0,0,0,0,9,1,3,1.068,3,1,0,0,0,0,0,0,0,1,0
wildfly,0,0,0,0,0,1,0,0,0,10,0,1,0.213,9,1,0,1,1,1,1,1,3,0,4
wildfly,0,0,0,0,0,1,0,0,0,4,0,1,0.165,9,1,0,1,1,1,1,1,3,0,4
wildfly,0,0,0,0,0,1,0,0,0,4,0,1,1.17,9,1,0,1,1,1,1,1,3,0,4
wildfly,0,1,0,0,0,0,0,0,0,5,2,9,0.112,13,2,0,1,1,1,1,1,1,0,1
wildfly,0,1,0,0,0,0,0,0,0,5,2,1,0.034,4,1,0,1,1,1,1,1,1,0,1
wildfly,0,1,0,0,0,1,0,0,0,17,2,1,0.662,13,1,0,0,0,0,0,0,0,2,10
wildfly,0,1,0,0,0,1,0,0,0,18,3,1,0.97,9,1,0,0,0,0,0,0,0,1,1
wildfly,0,0,0,0,0,0,0,0,1,4,1,1,0.521,4,3,0,0,0,0,0,0,0,1,0
wildfly,0,0,0,0,0,0,0,0,1,4,1,1,0.57,6,3,0,0,0,0,0,0,0,1,0
wildfly,0,0,0,0,0,0,0,0,0,3,0,0,0.129,5,4,0,1,1,1,1,1,0,0,0
wildfly,0,0,0,0,0,0,0,0,0,3,0,1,1.253,8,4,0,0,0,0,0,0,0,0,0
wildfly,0,0,0,0,0,0,0,0,0,11,0,7,0.629,30,5,0,0,0,0,0,0,0,1,5
wildfly,0,0,0,0,0,0,0,0,0,11,0,1,0.046,2,1,0,0,0,0,0,0,0,1,0
wildfly,0,0,0,0,0,0,0,0,0,8,0,1,0.026,3,2,0,0,0,0,0,0,0,1,0
wildfly,0,0,0,0,0,0,0,0,0,13,0,1,0.712,3,2,0,0,0,0,0,0,0,1,0
wildfly,0,0,0,0,0,1,0,0,0,8,0,1,1.208,6,5,0,0,0,0,0,0,0,1,0
wildfly,0,0,0,0,0,1,0,0,0,8,0,1,1.21,6,5,0,0,0,0,0,0,0,1,0
wildfly,0,0,0,0,0,1,0,0,0,3,0,3,0.515,18,5,0,0,0,0,0,0,0,0,9
wildfly,0,0,0,0,0,0,0,0,0,10,0,3,0.628,16,5,0,0,0,0,0,0,0,0,9
wildfly,0,0,0,0,0,0,0,0,0,15,0,4,0.053,17,4,0,0,0,0,0,0,0,0,9
wildfly,0,0,0,0,0,0,0,0,0,15,0,3,0.059,13,2,0,0,0,0,0,0,0,0,9
wildfly,0,0,0,0,0,0,0,0,0,10,0,3,0.581,16,5,0,0,0,0,0,0,0,0,9
wildfly,0,0,0,0,0,0,0,0,0,15,0,4,0.081,16,4,0,0,0,0,0,0,0,0,9
wildfly,0,0,0,0,0,0,0,0,0,15,0,4,0.075,15,2,0,0,0,0,0,0,0,0,9
wildfly,0,0,0,0,0,0,1,0,0,3,0,1,1.047,10,5,0,0,0,0,0,0,0,2,0
wildfly,0,0,0,0,0,1,0,0,0,3,0,6,0.154,11,4,0,0,0,0,0,0,0,1,0
wildfly,0,0,0,0,0,1,0,0,0,3,0,3,0.186,3,1,0,0,0,0,0,0,0,1,0
wildfly,0,0,0,0,0,1,0,0,0,8,0,3,0.719,18,4,0,0,0,0,0,0,0,1,9
wildfly,0,0,0,0,0,1,0,0,0,5,1,2,0.229,3,1,0,0,0,0,0,0,0,1,0
wildfly,0,0,0,0,0,1,0,0,0,4,1,2,0.171,3,1,0,0,0,0,0,0,0,1,0
wildfly,0,1,0,0,0,1,0,0,0,8,3,14,0.089,15,2,0,1,1,1,1,1,1,1,0
wildfly,0,1,1,0,0,1,0,0,0,37,3,17,0.319,29,2,0,1,1,1,1,1,1,0,0
wildfly,0,0,0,0,0,1,0,0,0,4,1,2,0.189,2,1,0,1,1,1,1,1,0,0,0
wildfly,0,1,1,0,0,1,0,0,0,38,10,2,0.762,2,1,0,0,0,0,0,0,0,0,3
wildfly,0,1,1,0,0,1,0,0,0,92,21,4,0.214,4,1,0,1,1,1,1,1,1,0,0
wildfly,0,0,1,0,0,1,0,0,0,38,1,5,0.531,6,1,0,1,1,1,1,1,1,0,0
wildfly,0,1,0,0,0,0,0,0,0,112,49,8,0.921,93,2,0,1,1,1,1,1,1,10,0
wildfly,0,1,0,0,0,1,0,0,0,24,5,14,0.029,15,1,0,0,0,0,0,0,0,0,1
wildfly,0,1,0,0,0,1,0,0,0,26,5,16,0.48,17,1,0,0,0,0,0,0,0,0,1
wildfly,0,1,0,0,0,1,0,0,0,24,5,2,0.03,2,1,0,0,0,0,0,0,0,1,3
wildfly,0,0,0,0,1,1,0,0,0,23,1,8,0.495,18,3,0,0,0,0,0,0,0,1,0
wildfly,0,0,0,0,0,1,0,0,0,3,1,1,0.244,2,1,0,0,0,0,0,0,0,0,0
wildfly,0,0,0,0,0,0,0,0,0,4,0,0,0.856,1,1,0,0,0,0,0,0,0,0,0
wildfly,0,0,0,0,0,1,0,0,0,5,0,1,0.572,3,2,0,0,0,0,0,0,0,1,0
wildfly,0,0,0,0,0,0,0,0,0,8,1,0,0.064,1,1,0,0,0,0,0,0,0,0,0
wildfly,0,0,1,0,0,1,0,0,0,57,1,4,1.045,4,1,0,0,0,0,0,0,0,0,0
wildfly,0,1,0,0,0,1,0,0,0,10,3,8,0.923,12,1,0,0,0,0,0,0,0,0,0
wildfly,0,0,0,0,0,0,0,0,0,10,1,0,1.828,3,3,0,0,0,0,0,0,0,0,0
wildfly,0,1,0,0,0,1,0,0,0,27,6,13,1.078,17,2,0,0,0,0,0,0,0,0,0
wildfly,0,0,0,0,0,0,0,0,1,12,1,0,0.281,2,1,0,0,0,0,0,0,0,0,0
wildfly,0,0,0,0,0,1,0,0,0,11,1,4,0.129,5,1,0,0,0,0,0,0,0,0,0
wildfly,0,1,0,0,0,1,0,0,0,12,4,16,0.84,22,1,0,0,0,0,0,0,0,0,0
wildfly,0,1,0,0,0,1,0,0,0,10,2,17,0.933,21,2,0,0,0,0,0,0,0,0,0
wildfly,0,1,0,0,0,0,0,0,0,13,5,0,0.069,1,1,0,0,0,0,0,0,0,0,0
wildfly,0,1,1,0,0,1,0,0,0,35,10,8,0.857,12,1,0,0,0,0,0,0,0,0,0
wildfly,0,1,0,0,0,1,0,0,0,12,5,13,0.979,17,2,0,0,0,0,0,0,0,0,0
wildfly,0,1,0,0,0,1,0,0,0,11,4,13,0.807,17,2,0,0,0,0,0,0,0,0,0
wildfly,0,1,0,0,0,1,0,0,0,9,2,13,0.877,17,2,0,0,0,0,0,0,0,0,0
wildfly,0,1,0,0,0,0,0,0,0,14,5,0,0.075,1,1,0,0,0,0,0,0,0,0,0
wildfly,0,1,1,0,0,1,0,0,0,25,6,9,1.059,11,1,0,0,0,0,0,0,0,0,0
wildfly,0,0,0,0,0,1,0,0,1,8,0,7,0.052,9,2,0,0,0,0,0,0,0,0,0
wildfly,0,0,0,0,0,0,0,0,1,9,1,7,0.195,9,2,0,0,0,0,0,0,0,0,0
wildfly,0,0,0,0,0,0,0,0,1,14,1,0,7.889,3,3,0,0,0,0,0,0,0,0,0
wildfly,0,0,0,0,0,0,0,0,0,16,1,0,0.105,1,1,0,0,0,0,0,0,0,0,0
wildfly,0,0,0,0,0,0,0,0,0,11,1,0,0.066,1,1,0,0,0,0,0,0,0,0,0
wildfly,0,0,0,0,0,0,0,0,0,15,1,0,0.073,1,1,0,0,0,0,0,0,0,0,0
wildfly,0,1,0,0,0,1,0,0,0,20,2,6,0.743,6,1,0,0,0,0,0,0,0,0,0
wildfly,0,1,0,0,0,1,0,0,0,34,6,5,0.876,5,1,0,0,0,0,0,0,0,0,0
wildfly,0,1,0,0,0,0,0,0,0,34,6,0,0.099,1,1,0,0,0,0,0,0,0,0,0
wildfly,0,1,0,0,0,0,0,0,0,24,3,0,0.128,1,1,0,0,0,0,0,0,0,0,0
wildfly,0,1,0,0,0,0,0,0,0,24,3,0,0.102,1,1,0,0,0,0,0,0,0,0,0
wildfly,0,1,0,0,0,1,0,0,0,34,6,3,0.708,3,1,0,0,0,0,0,0,0,0,0
wildfly,0,1,0,0,0,0,0,0,0,39,7,0,0.061,1,1,0,0,0,0,0,0,0,0,0
wildfly,0,1,0,0,0,0,0,0,0,24,3,0,0.086,1,1,0,0,0,0,0,0,0,0,0
wildfly,0,1,0,0,0,0,0,0,0,24,3,0,0.047,1,1,0,0,0,0,0,0,0,0,0
wildfly,0,1,0,0,0,1,0,0,0,31,4,1,0.202,1,1,0,0,0,0,0,0,0,0,0
wildfly,0,0,0,0,0,1,0,0,0,4,1,2,1.429,2,1,0,0,0,0,0,0,0,0,0
wildfly,0,0,0,0,0,0,0,0,0,7,0,0,1.059,1,1,0,0,0,0,0,0,0,0,0
wildfly,0,0,0,0,0,0,0,0,0,7,0,0,0.133,1,1,0,0,0,0,0,0,0,0,0
wildfly,1,1,1,0,0,0,0,0,0,48,4,0,2.019,2,2,0,0,0,0,0,0,0,0,0
wildfly,1,1,1,0,0,0,0,0,0,44,2,0,2.097,1,1,0,0,0,0,0,0,0,0,0
wildfly,0,1,1,0,0,0,0,0,0,72,5,0,6.04,1,1,0,0,0,0,0,0,0,0,0
wildfly,0,1,1,0,0,0,0,0,0,71,5,0,1.126,1,1,0,0,0,0,0,0,0,0,0
wildfly,0,1,1,0,0,0,0,0,0,63,4,0,0.883,1,1,0,0,0,0,0,0,0,0,0
wildfly,0,0,0,0,0,0,0,0,1,9,1,0,3.742,1,1,0,0,0,0,0,0,0,0,0
wildfly,0,0,0,0,0,0,0,0,1,9,1,0,2.082,1,1,0,0,0,0,0,0,0,0,0
wildfly,0,0,0,0,0,0,0,0,1,11,1,0,0.142,1,1,0,1,1,1,1,1,1,0,0
wildfly,1,0,0,0,0,0,0,0,1,11,1,0,15.09,1,1,0,1,1,1,1,1,1,0,0
wildfly,1,0,0,0,0,0,0,0,1,10,1,0,0.096,1,1,0,1,1,1,1,1,1,0,0
wildfly,0,0,0,0,0,0,0,0,1,11,1,0,1.147,1,1,0,1,1,1,1,1,1,0,0
wildfly,0,0,0,0,0,0,0,0,1,9,1,0,3.624,1,1,0,0,0,0,0,0,0,0,0
wildfly,0,0,0,0,0,0,0,0,1,9,1,0,2.101,1,1,0,0,0,0,0,0,0,0,0
wildfly,0,1,0,0,0,1,0,0,0,10,6,6,0.638,6,1,0,0,0,0,0,0,0,0,0
wildfly,0,1,0,0,0,0,0,0,0,25,2,0,1.182,1,1,0,0,0,0,0,0,0,0,0
wildfly,0,0,0,0,0,0,0,0,0,3,0,2,3.665,32,2,0,0,0,0,0,0,0,0,0
wildfly,0,0,0,0,0,1,0,0,0,6,0,1,6.008,2,1,0,0,0,0,0,0,0,0,0
wildfly,0,0,0,0,0,1,0,0,0,6,0,2,2.433,3,1,0,0,0,0,0,0,0,0,0
wildfly,0,1,0,0,0,1,0,0,0,32,2,20,1.032,21,1,0,0,0,0,0,0,0,0,0
wildfly,0,0,0,0,0,1,0,0,0,36,0,19,0.063,20,1,0,0,0,0,0,0,0,0,0
wildfly,0,0,0,0,0,1,0,0,0,29,0,17,0.162,20,1,0,0,0,0,0,0,0,0,0
wildfly,0,0,0,0,0,1,0,0,0,38,0,26,0.073,27,1,0,0,0,0,0,0,0,0,0
wildfly,0,0,0,0,0,1,0,0,0,3,0,30,0.2,33,1,0,0,0,0,0,0,0,0,0
wildfly,0,0,0,0,0,1,0,0,0,3,0,33,1.753,37,2,0,0,0,0,0,0,0,0,0
wildfly,0,0,0,0,0,1,0,0,0,3,0,31,0.25,34,1,0,0,0,0,0,0,0,0,0
wildfly,0,0,0,0,0,1,0,0,0,8,0,33,0.109,37,2,0,0,0,0,0,0,0,0,0
wildfly,0,0,0,0,0,1,0,0,0,3,0,34,0.163,37,1,0,0,0,0,0,0,0,0,0
wildfly,0,0,0,0,0,1,0,0,0,3,0,34,0.227,37,1,0,0,0,0,0,0,0,0,0
wildfly,0,0,0,0,0,1,0,0,0,3,0,35,0.123,38,1,0,0,0,0,0,0,0,0,0
wildfly,0,0,0,0,0,1,0,0,0,8,0,34,0.202,37,1,0,0,0,0,0,0,0,0,0
wildfly,0,1,0,0,0,1,0,0,0,35,2,21,0.36,22,1,0,0,0,0,0,0,0,0,0
wildfly,0,1,0,0,0,1,0,0,0,58,2,36,0.202,37,1,0,0,0,0,0,0,0,0,0
wildfly,0,1,0,0,0,1,0,0,0,61,2,36,0.303,37,1,0,0,0,0,0,0,0,0,0
wildfly,0,1,1,0,0,1,0,0,0,20,4,11,0.027,14,1,0,0,0,0,0,0,0,0,0
wildfly,0,1,0,0,0,1,0,0,0,21,5,11,0.187,17,1,0,0,0,0,0,0,0,0,0
wildfly,0,1,0,0,0,1,0,0,0,25,5,14,0.037,19,1,0,0,0,0,0,0,0,0,0
wildfly,0,0,0,0,0,0,0,0,0,3,0,0,1.12,1,1,0,0,0,0,0,0,0,0,0
wildfly,0,0,0,0,0,1,0,0,0,3,0,2,0.24,2,1,0,0,0,0,0,0,0,0,0
wildfly,0,0,0,0,0,1,0,0,0,3,0,2,0.217,2,1,0,0,0,0,0,0,0,0,0
wildfly,0,0,0,0,0,1,0,0,0,3,0,2,0.219,2,1,0,0,0,0,0,0,0,0,0
wildfly,0,0,0,0,0,1,0,0,0,3,0,2,0.2,2,1,0,0,0,0,0,0,0,0,0
wildfly,0,0,0,0,0,1,0,0,0,3,0,2,0.317,2,1,0,0,0,0,0,0,0,0,0
wildfly,0,0,0,0,0,1,0,0,0,3,0,2,0.333,2,1,0,0,0,0,0,0,0,0,0
wildfly,0,0,0,0,0,1,0,0,0,3,0,2,0.374,2,1,0,0,0,0,0,0,0,0,0
wildfly,0,0,0,0,0,1,0,0,0,3,0,2,0.209,2,1,0,0,0,0,0,0,0,0,0
wildfly,0,0,0,0,0,1,0,0,0,3,0,2,0.346,2,1,0,0,0,0,0,0,0,0,0
wildfly,0,0,0,0,0,1,0,0,0,4,0,2,0.237,2,1,0,0,0,0,0,0,0,0,0
wildfly,0,0,0,0,0,1,0,0,0,3,0,2,0.24,2,1,0,0,0,0,0,0,0,0,0
wildfly,0,0,0,0,0,1,0,0,0,3,0,2,0.205,2,1,0,0,0,0,0,0,0,0,0
wildfly,0,0,0,0,0,1,0,0,0,3,0,2,0.238,2,1,0,0,0,0,0,0,0,0,0
wildfly,0,0,0,0,0,1,0,0,0,3,0,2,0.276,2,1,0,0,0,0,0,0,0,0,0
wildfly,0,0,0,0,0,1,0,0,0,3,0,2,0.166,2,1,0,0,0,0,0,0,0,0,0
wildfly,0,0,0,0,0,1,0,0,0,3,0,2,0.276,2,1,0,0,0,0,0,0,0,0,0
wildfly,0,0,0,0,0,1,0,0,0,3,0,2,0.201,2,1,0,0,0,0,0,0,0,0,0
wildfly,0,0,0,0,0,1,0,0,0,3,0,2,0.187,2,1,0,0,0,0,0,0,0,0,0
wildfly,0,0,0,0,0,1,0,0,0,3,0,2,0.362,2,1,0,0,0,0,0,0,0,0,0
wildfly,0,0,0,0,0,1,0,0,0,3,0,2,0.415,2,1,0,0,0,0,0,0,0,0,0
wildfly,0,0,0,0,0,1,0,0,0,4,0,2,0.244,2,1,0,0,0,0,0,0,0,0,0
wildfly,0,0,0,0,0,1,0,0,0,4,0,2,0.235,2,1,0,0,0,0,0,0,0,0,0
wildfly,0,0,0,0,0,1,0,0,0,4,0,2,0.15,2,1,0,0,0,0,0,0,0,0,0
wildfly,0,0,0,0,0,1,0,0,0,4,0,2,0.262,2,1,0,0,0,0,0,0,0,0,0
wildfly,0,0,0,0,0,0,0,0,0,5,1,6,0.057,8,2,0,0,0,0,0,0,0,0,0
wildfly,0,0,0,0,0,1,0,0,0,6,1,14,0.864,15,2,0,0,0,0,0,0,0,0,0
wildfly,0,0,0,0,0,0,0,0,0,6,1,0,0.051,1,1,0,0,0,0,0,0,0,0,0
wildfly,0,0,0,0,0,1,0,0,0,4,1,4,0.843,4,1,0,0,0,0,0,0,0,0,0
wildfly,0,0,0,0,0,0,0,0,0,4,1,0,0.077,1,1,0,0,0,0,0,0,0,0,0
wildfly,0,0,0,0,0,1,0,0,0,11,0,1,0.462,6,1,0,0,0,0,0,0,0,0,0
wildfly,0,0,0,0,0,1,0,0,0,9,1,4,0.98,4,1,0,0,0,0,0,0,0,0,0
wildfly,0,1,0,0,0,0,0,0,1,10,2,0,0.182,1,1,0,0,0,0,0,0,0,0,0
wildfly,0,1,0,0,0,1,1,1,1,9,2,1,0.017,6,1,0,0,0,0,0,0,0,0,0
wildfly,0,0,0,0,0,1,0,0,0,3,1,1,0.66,1,1,0,0,0,0,0,0,0,1,0
wildfly,0,0,0,0,0,1,0,0,0,4,1,2,0.189,2,1,0,0,0,0,0,0,0,1,0
wildfly,0,0,0,0,0,1,0,0,0,4,1,2,0.028,2,1,0,0,0,0,0,0,0,1,0
wildfly,0,0,0,0,0,1,0,0,0,9,1,6,2.884,6,1,0,0,0,0,0,0,0,0,1
wildfly,0,1,0,0,0,1,0,0,0,26,7,13,0.08,20,1,0,0,0,0,0,0,0,7,7
wildfly,0,1,0,0,0,1,0,0,0,38,4,7,0.309,8,1,0,0,0,0,0,0,0,1,0
wildfly,0,1,0,0,0,0,0,0,0,6,2,0,0.301,3,1,0,0,0,0,0,0,0,1,0
wildfly,0,0,0,0,0,1,0,0,0,3,0,15,0.34,114,34,0,1,1,2,2,2,1,1,0
wildfly,0,0,0,0,0,1,0,0,0,3,0,10,0.2,88,35,0,1,1,2,2,2,1,1,0
wildfly,0,0,0,0,0,1,0,0,0,3,0,10,0.171,80,34,0,1,1,2,2,2,1,1,0
wildfly,0,0,0,0,0,1,0,0,0,3,0,10,0.19,79,34,0,1,1,2,2,2,1,1,0
wildfly,0,0,0,0,0,1,0,0,0,3,0,10,0.141,79,34,0,1,1,2,2,2,1,1,0
wildfly,0,0,0,0,0,1,0,0,0,3,0,10,0.721,74,34,0,1,1,2,2,2,1,1,0
wildfly,0,0,0,0,0,1,0,0,0,3,0,10,0.206,89,36,0,1,1,2,2,2,1,1,0
wildfly,0,0,0,0,0,1,0,0,0,3,0,10,0.257,94,35,0,1,1,2,2,2,1,1,0
wildfly,0,0,0,0,0,1,0,0,0,3,0,10,0.226,94,35,0,1,1,2,2,2,1,1,0
wildfly,1,0,0,0,0,0,0,0,0,4,0,9,4.321,194,44,0,1,1,2,2,2,0,1,0
wildfly,1,0,0,0,0,1,0,0,0,4,0,22,1.163,458,44,0,1,1,2,2,2,18,18,0
wildfly,1,0,0,0,0,1,0,0,0,4,0,18,1.584,444,44,0,1,1,2,2,2,18,18,0
wildfly,0,0,0,0,0,0,0,0,0,4,0,3,0.541,13,3,0,0,0,0,0,0,1,0,0
wildfly,1,0,0,0,0,1,0,0,0,3,0,12,1.172,196,40,0,1,1,2,2,2,0,15,0
wildfly,1,0,0,0,0,1,0,0,0,3,0,26,1.345,516,73,0,1,1,2,2,2,18,18,0
wildfly,1,0,0,0,0,1,0,0,0,3,0,27,1.195,515,73,0,1,1,2,2,2,18,18,1
wildfly,0,1,0,0,0,1,0,0,0,17,5,14,0.073,87,33,0,1,1,2,2,2,1,1,0
wildfly,0,0,0,0,0,1,0,0,0,43,1,12,1.402,37,7,0,1,1,1,1,1,1,12,11
wildfly,0,1,0,0,0,1,0,0,0,6,4,5,0.006,12,2,0,0,0,0,0,0,0,0,0
wildfly,0,1,0,0,0,1,0,0,0,13,6,9,0.001,12,2,0,0,0,0,0,0,0,0,0
wildfly,0,1,0,0,0,1,0,0,0,25,3,13,1.343,15,2,0,0,0,0,0,0,0,0,5
wildfly,0,1,0,0,0,1,0,0,0,24,3,14,0.002,14,2,0,0,0,0,0,0,0,0,3
wildfly,0,1,0,0,0,0,0,0,0,159,74,21,4.785,849,36,0,1,1,2,2,2,0,17,2
wildfly,0,1,0,0,0,0,0,0,0,7,3,10,3.641,779,29,0,0,0,0,0,0,0,17,0
wildfly,0,1,0,0,0,0,0,0,0,14,5,4,0.002,6,5,0,0,0,0,0,0,0,0,0
wildfly,0,0,0,0,1,1,0,0,0,37,0,9,0.013,20,11,0,0,0,0,0,0,0,1,0
wildfly,0,0,0,0,1,1,0,0,0,32,0,9,0.536,20,12,0,0,0,0,0,0,0,1,0
wildfly,0,0,0,0,0,1,0,0,0,8,0,8,0.452,36,14,0,0,0,0,0,0,0,2,0
wildfly,0,0,0,0,0,1,0,0,0,9,0,15,0.372,62,17,0,0,0,0,0,0,0,2,0
wildfly,0,0,0,0,0,1,0,0,0,10,0,13,0.417,64,18,0,0,0,0,0,0,0,1,0
wildfly,0,0,0,0,0,1,0,0,0,10,0,12,0.104,66,17,0,0,0,0,0,0,0,1,0
wildfly,0,0,0,0,0,0,0,0,0,4,0,1,0.989,7,3,0,0,0,0,0,0,0,0,0
wildfly,0,0,0,0,0,1,0,0,0,3,0,26,4.269,159,21,0,0,0,0,0,0,0,1,0
wildfly,0,0,0,0,0,1,0,0,0,3,0,12,1.454,156,23,0,0,0,0,0,0,0,1,0
wildfly,0,1,1,0,0,1,0,0,0,72,46,16,2.711,256,39,0,0,0,0,0,0,0,2,0
wildfly,0,1,1,0,1,1,0,0,0,41,13,3,0.523,24,6,0,0,0,0,0,0,0,0,0
wildfly,0,1,0,0,0,1,0,0,0,8,2,5,0,8,2,0,0,0,0,0,0,0,0,0
wildfly,0,1,0,0,0,1,0,0,0,12,4,9,0.001,11,2,0,0,0,0,0,0,0,0,0
wildfly,0,0,0,0,0,0,0,0,0,6,0,4,0.434,23,9,0,0,0,0,0,0,0,0,0
wildfly,0,0,0,0,0,1,0,0,0,6,1,3,0.007,6,2,0,0,0,0,0,0,0,0,0
wildfly,0,0,0,0,0,1,0,0,0,6,1,3,0.003,7,2,0,0,0,0,0,0,0,0,0
wildfly,0,0,0,0,0,1,0,0,0,6,1,3,0.003,7,2,0,0,0,0,0,0,0,0,0
wildfly,0,1,0,0,0,1,0,0,0,7,2,6,0.002,28,8,0,0,0,0,0,0,0,0,0
wildfly,0,1,0,0,0,1,0,0,0,8,3,6,0.044,12,4,0,0,0,0,0,0,0,0,0
wildfly,0,1,0,0,0,1,0,0,0,8,3,5,0.002,12,5,0,0,0,0,0,0,0,0,0
wildfly,0,1,0,0,0,1,0,0,0,8,3,6,0.004,15,5,0,0,0,0,0,0,0,0,0
wildfly,0,0,0,0,0,1,0,0,0,6,1,3,0.002,7,2,0,0,0,0,0,0,0,0,0
wildfly,0,1,0,0,0,1,0,0,0,8,3,5,0,12,5,0,0,0,0,0,0,0,0,0
wildfly,0,0,0,0,0,1,0,0,0,6,1,3,0.001,6,2,0,0,0,0,0,0,0,0,0
wildfly,0,1,0,0,0,1,0,0,0,7,2,4,0.002,7,2,0,0,0,0,0,0,0,0,0
wildfly,0,1,0,0,0,1,0,0,1,7,5,5,0.013,20,3,0,0,0,0,0,0,0,20,0
wildfly,0,1,0,0,0,1,0,0,1,4,2,3,0.005,14,3,0,0,0,0,0,0,0,0,0
wildfly,0,1,0,0,0,1,0,0,1,7,5,5,0,11,2,0,0,0,0,0,0,0,0,0
wildfly,0,1,0,0,0,1,0,0,1,7,5,5,0.002,17,2,0,0,0,0,0,0,0,0,0
wildfly,0,1,0,0,0,1,0,0,1,6,4,4,0,6,2,0,0,0,0,0,0,0,0,0
wildfly,0,1,0,0,0,1,0,0,1,8,6,6,0.001,18,2,0,0,0,0,0,0,0,0,0
wildfly,0,1,0,0,0,1,0,0,1,6,4,4,0,10,2,0,0,0,0,0,0,0,0,0
wildfly,0,1,0,0,0,1,0,0,1,9,6,8,0,8,2,0,0,0,0,0,0,0,0,0
wildfly,0,1,0,0,0,1,0,0,1,5,3,3,0,5,2,0,0,0,0,0,0,0,0,0
wildfly,0,1,0,0,0,1,0,0,1,6,4,7,0.014,19,5,0,0,0,0,0,0,0,0,0
wildfly,0,1,0,0,0,1,0,0,1,6,4,4,0,6,2,0,0,0,0,0,0,0,0,0
wildfly,0,0,0,0,0,0,0,0,0,4,0,1,0.646,6,2,0,0,0,0,0,0,0,0,0
wildfly,0,0,0,0,0,1,0,0,0,3,0,1,0.581,10,6,0,0,0,0,0,0,0,0,0
wildfly,0,0,0,0,0,1,0,0,0,3,0,1,0.169,14,6,0,0,0,0,0,0,0,0,0
wildfly,0,0,0,0,0,1,0,0,0,3,0,1,0.188,14,6,0,0,0,0,0,0,0,0,0
wildfly,0,0,0,0,0,1,0,0,0,3,0,12,0.82,34,8,0,0,0,0,0,0,0,0,0
wildfly,0,1,0,0,0,1,0,0,0,13,2,14,4.796,115,27,0,0,0,0,0,0,0,20,0
wildfly,0,0,0,0,0,1,0,0,0,3,0,11,0.922,35,8,0,0,0,0,0,0,0,0,0
wildfly,0,1,0,0,0,1,0,0,0,19,2,12,0.975,47,8,0,0,0,0,0,0,0,0,0
wildfly,0,0,0,0,0,0,0,0,0,4,0,2,1.515,18,3,0,1,1,1,1,1,4,0,0
wildfly,0,0,0,0,0,1,0,0,0,4,0,16,4.081,85,15,0,1,1,1,1,1,4,19,0
wildfly,0,0,0,0,0,1,0,0,0,3,0,11,1.129,78,15,0,1,1,1,1,1,4,19,0
wildfly,0,0,0,0,0,1,0,0,0,3,0,9,1.379,76,15,0,1,1,1,1,1,4,19,0
wildfly,0,0,0,0,0,1,0,0,0,3,0,10,0.822,57,15,0,1,1,1,1,1,4,0,0
wildfly,0,0,0,0,0,1,0,0,0,3,0,5,0.71,69,15,0,1,1,1,1,1,4,0,0
wildfly,0,0,0,0,0,1,0,0,0,3,0,3,0.888,65,15,0,1,1,1,1,1,4,0,0
wildfly,0,1,0,0,1,1,0,0,0,42,8,3,0.002,42,6,0,1,1,1,1,1,2,15,9
wildfly,0,1,0,0,1,1,0,0,0,44,7,3,0.001,31,6,0,1,1,1,1,1,2,15,12
wildfly,0,1,0,0,1,1,0,0,0,29,3,3,0.002,27,3,0,1,1,1,1,1,2,15,9
wildfly,0,0,0,0,1,1,0,0,0,17,1,4,1.732,16,3,0,1,1,1,1,1,2,15,8
wildfly,0,0,0,0,0,1,1,1,0,3,0,77,0.201,105,9,0,1,1,1,1,1,1,31,0
wildfly,0,0,0,0,0,1,0,0,0,25,0,14,0.007,18,2,0,0,0,0,0,0,0,2,27
wildfly,0,0,0,0,0,1,0,0,0,25,0,14,3.181,18,2,0,0,0,0,0,0,0,2,27
wildfly,0,1,0,0,0,1,0,0,0,19,2,7,0.004,25,4,0,0,0,0,0,0,0,1,9
wildfly,0,1,0,0,0,1,0,0,0,22,2,9,0.004,29,4,0,0,0,0,0,0,0,2,11
wildfly,0,0,0,0,0,1,0,0,0,14,1,8,0.007,12,2,0,0,0,0,0,0,0,0,7
wildfly,0,1,0,0,0,1,0,0,0,24,3,10,0.005,30,4,0,0,0,0,0,0,0,1,12
wildfly,0,1,0,0,0,1,0,0,0,31,2,8,0.006,35,4,0,0,0,0,0,0,0,1,22
wildfly,0,1,0,0,0,1,0,0,0,33,2,9,0.005,36,4,0,0,0,0,0,0,0,1,22
wildfly,0,1,0,0,0,1,0,0,0,36,2,11,0.128,35,4,0,0,0,0,0,0,0,1,11
wildfly,0,1,0,0,0,1,0,0,0,38,2,12,0.005,36,4,0,0,0,0,0,0,0,1,11
wildfly,0,1,0,0,0,1,0,0,0,19,2,7,0.004,16,2,0,0,0,0,0,0,0,1,12
wildfly,0,1,0,0,0,1,0,0,0,24,2,11,0.008,21,2,0,0,0,0,0,0,0,1,15
wildfly,0,1,0,0,0,1,0,0,0,12,2,6,0.003,11,2,0,1,1,1,1,1,1,1,4
wildfly,0,1,0,0,0,1,0,0,0,11,2,5,0,10,2,0,1,1,1,1,1,1,0,3
wildfly,0,1,0,0,0,1,0,0,0,11,2,6,0.122,12,4,0,0,0,0,0,0,0,1,2
wildfly,0,0,0,0,0,1,0,0,0,7,1,4,0.001,5,2,0,0,0,0,0,0,0,1,2
wildfly,0,1,0,0,0,1,0,0,0,13,4,8,0.005,10,2,0,0,0,0,0,0,0,0,18
wildfly,0,1,0,0,0,1,0,0,0,10,3,6,0.005,8,2,0,0,0,0,0,0,0,0,12
wildfly,0,1,1,0,0,1,0,0,0,20,5,7,0.015,15,2,0,0,0,0,0,0,0,0,20
wildfly,0,1,1,0,0,1,0,0,0,20,5,8,0.137,15,2,0,0,0,0,0,0,0,0,20
wildfly,0,1,0,0,0,1,0,0,0,7,2,5,0.715,6,2,0,0,0,0,0,0,0,0,6
wildfly,0,1,0,0,0,1,0,0,0,30,2,12,0.097,20,3,0,1,1,2,2,2,17,17,12
wildfly,0,1,0,0,0,1,0,0,0,34,5,15,1.441,20,2,0,1,1,2,2,2,17,17,12
wildfly,0,0,0,0,0,1,0,0,0,4,0,2,0.186,6,4,0,0,0,0,0,0,0,0,0
wildfly,0,0,0,0,0,1,0,0,0,6,0,3,0.236,16,7,0,1,1,1,1,1,1,0,0
wildfly,0,0,0,0,0,1,0,0,0,6,1,6,0.16,8,3,0,0,0,0,0,0,0,0,3
wildfly,0,0,0,0,0,1,0,0,0,21,0,15,0.008,21,2,0,0,0,0,0,0,0,0,19
wildfly,0,0,0,0,0,1,0,0,0,6,1,4,0.001,6,2,0,0,0,0,0,0,0,0,2
wildfly,0,0,0,0,0,1,0,0,0,3,1,1,0,3,2,0,0,0,0,0,0,0,0,0
wildfly,0,1,0,0,1,1,0,0,0,11,3,8,0.056,11,2,0,0,0,0,0,0,0,0,6
wildfly,0,0,0,0,1,1,0,0,0,5,0,3,0.001,5,2,0,0,0,0,0,0,0,0,1
wildfly,0,0,0,0,0,1,0,0,0,13,0,7,0.081,11,2,0,0,0,0,0,0,0,0,6
wildfly,0,0,0,0,1,1,0,0,0,24,0,13,1.123,26,4,0,0,0,0,0,0,0,1,14
wildfly,0,0,0,0,1,1,0,0,0,23,0,15,1.073,27,3,0,0,0,0,0,0,0,1,15
wildfly,0,0,0,0,1,1,0,0,0,22,0,13,2.744,19,2,0,0,0,0,0,0,0,1,14
wildfly,0,0,0,0,0,1,0,0,0,5,0,4,0.165,6,2,0,0,0,0,0,0,0,0,8
wildfly,0,0,0,0,1,0,0,0,0,6,0,3,0.543,5,3,0,0,0,0,0,0,0,0,0
wildfly,0,0,0,0,0,1,0,0,0,6,0,3,0.212,15,7,0,1,1,1,1,1,1,0,0
wildfly,0,0,0,0,0,1,0,0,0,13,0,9,0.413,12,2,0,0,0,0,0,0,0,0,7
wildfly,0,0,0,0,0,1,0,0,0,20,0,13,0.005,16,2,0,0,0,0,0,0,0,0,14
wildfly,0,1,0,0,0,1,0,0,0,26,2,19,0.071,23,2,0,0,0,0,0,0,0,0,15
wildfly,0,0,0,0,0,1,0,0,0,9,1,5,0.002,7,2,0,0,0,0,0,0,0,0,5
wildfly,0,0,0,0,0,1,0,0,0,3,1,1,0,3,2,0,0,0,0,0,0,0,0,0
wildfly,0,1,0,0,0,1,0,0,0,9,2,4,0.002,6,2,0,0,0,0,0,0,0,0,4
wildfly,0,0,0,0,0,1,0,0,0,19,0,12,0.005,17,2,0,0,0,0,0,0,0,0,11
wildfly,0,0,0,0,0,1,0,0,0,19,0,13,0.002,18,2,0,0,0,0,0,0,0,0,11
wildfly,0,1,0,0,0,1,0,0,0,27,2,18,0.003,22,2,0,0,0,0,0,0,0,0,17
wildfly,0,0,0,0,0,1,0,0,0,14,1,10,0.002,12,2,0,1,1,1,1,1,1,0,8
wildfly,0,0,0,0,0,1,0,0,0,7,0,4,0.227,15,10,0,1,1,1,1,1,1,0,0
wildfly,0,0,0,0,0,0,0,0,0,3,0,1,0.246,28,19,0,1,1,1,1,1,1,0,0
wildfly,0,0,0,0,0,1,0,0,0,18,0,11,0.217,16,5,0,0,0,0,0,0,0,0,2
wildfly,0,1,0,0,0,1,0,0,0,20,10,3,0.001,6,4,0,0,0,0,0,0,0,0,0
wildfly,0,1,0,0,0,1,0,0,0,16,8,3,0.193,24,4,0,0,0,0,0,0,0,17,0
wildfly,0,1,0,0,0,1,0,0,0,16,4,11,1.258,13,2,0,0,0,0,0,0,0,0,11
wildfly,0,0,0,0,0,1,0,0,0,13,0,8,1.535,16,3,0,0,0,0,0,0,0,0,6
wildfly,0,1,0,0,0,0,0,0,0,27,13,5,0.343,13,8,0,0,0,0,0,0,0,0,0
wildfly,0,1,0,0,0,0,0,0,0,28,10,5,0.176,13,8,0,0,0,0,0,0,0,0,0
wildfly,0,1,0,0,0,1,0,0,0,14,2,6,0.001,17,8,0,0,0,0,0,0,0,0,0
wildfly,0,1,0,0,0,1,0,0,0,27,13,4,0.318,9,5,0,0,0,0,0,0,0,0,0
wildfly,0,1,0,0,0,1,0,0,0,28,10,4,0.144,9,5,0,0,0,0,0,0,0,0,0
wildfly,0,1,0,0,0,1,0,0,0,14,2,4,0.001,9,5,0,0,0,0,0,0,0,0,0
wildfly,0,0,0,0,0,1,0,0,0,9,0,8,0.13,26,6,0,0,0,0,0,0,0,20,0
wildfly,0,0,0,0,0,1,0,0,0,10,0,21,0.385,114,34,0,0,0,0,0,0,0,20,0
wildfly,0,0,0,0,0,1,0,0,0,17,0,20,0.389,117,34,0,0,0,0,0,0,0,15,0
wildfly,0,1,0,0,1,1,0,0,0,6,4,13,0.341,105,34,0,0,0,0,0,0,0,15,0
wildfly,0,0,0,0,0,1,0,0,0,33,0,8,0.329,109,34,0,0,0,0,0,0,0,20,0
wildfly,0,0,0,0,0,1,0,0,0,16,0,20,0.355,116,34,0,0,0,0,0,0,0,15,0
wildfly,0,0,0,0,0,1,0,0,0,6,0,31,0.315,157,34,0,0,0,0,0,0,0,20,0
wildfly,0,0,0,0,0,0,0,0,0,16,0,6,0.219,106,34,0,0,0,0,0,0,0,20,0
wildfly,0,0,0,0,0,1,0,0,0,12,0,26,0.336,114,34,0,0,0,0,0,0,0,15,0
wildfly,0,1,0,0,0,1,0,0,0,36,3,3,1.879,32,4,0,0,0,0,0,0,0,21,12
wildfly,0,1,0,0,1,1,0,0,0,29,3,6,1.921,20,2,0,1,1,1,1,1,2,0,14
wildfly,0,0,0,0,0,1,0,0,0,5,0,4,0.385,15,6,0,0,0,0,0,0,0,0,1
wildfly,0,0,0,0,0,1,0,0,0,12,0,9,0.326,20,7,0,1,1,1,1,1,1,0,3
wildfly,0,0,0,0,0,1,0,0,0,4,0,2,0.233,6,4,0,1,1,1,1,1,1,0,0
wildfly,0,0,0,0,0,1,0,0,0,6,0,3,0.18,13,5,0,0,0,0,0,0,0,0,0
wildfly,0,0,0,0,0,1,0,0,0,7,0,6,0.311,22,13,0,1,1,1,1,1,1,0,3
wildfly,0,0,0,0,0,0,0,0,0,3,0,21,0.394,98,51,0,1,1,2,2,2,1,23,2
wildfly,0,1,0,0,0,1,0,0,0,12,2,7,1.433,9,2,0,0,0,0,0,0,0,0,6
wildfly,0,1,0,0,0,1,0,0,0,38,7,28,1.848,34,2,0,0,0,0,0,0,0,21,37
wildfly,0,1,0,0,0,1,0,0,0,14,6,10,1.356,13,2,0,0,0,0,0,0,0,0,3
wildfly,0,1,0,0,0,1,0,0,0,19,3,13,1.349,15,2,0,0,0,0,0,0,0,0,9
wildfly,0,0,0,0,0,1,0,0,0,6,0,3,0.212,11,4,0,0,0,0,0,0,0,0,1
wildfly,0,0,0,0,1,0,0,0,0,39,0,1,1.47,8,2,0,0,0,0,0,0,0,0,0
wildfly,0,1,0,0,1,1,0,0,0,39,2,16,0.157,22,2,0,0,0,0,0,0,0,0,13
wildfly,0,1,0,0,1,1,0,0,0,43,5,19,0.101,24,2,0,0,0,0,0,0,0,0,12
wildfly,0,0,0,0,1,1,0,0,0,28,0,14,0.003,17,2,0,0,0,0,0,0,0,14,10
wildfly,0,1,0,0,1,1,0,0,0,33,3,17,0.038,20,2,0,0,0,0,0,0,0,0,9
wildfly,0,0,0,0,0,1,0,0,0,11,1,6,0.126,8,2,0,0,0,0,0,0,0,0,7
wildfly,0,0,0,0,0,1,0,0,0,14,0,1,0.257,38,25,0,0,0,0,0,0,0,20,0
wildfly,0,0,0,0,0,0,0,0,0,3,0,4,0.345,44,40,0,1,1,1,1,1,1,20,0
wildfly,0,0,0,0,0,1,0,0,0,5,0,3,0.153,12,8,0,0,0,0,0,0,0,0,0
wildfly,0,0,0,0,0,1,0,0,0,48,0,16,2.457,39,3,0,1,1,1,1,1,1,0,41
wildfly,0,0,0,0,0,1,0,0,0,5,0,3,0.243,15,9,0,0,0,0,0,0,0,0,0
wildfly,0,0,0,0,1,1,0,0,0,8,0,2,0.143,5,3,0,0,0,0,0,0,0,0,0
wildfly,0,0,0,0,0,1,0,0,0,5,0,4,0.224,15,8,0,0,0,0,0,0,0,0,0
wildfly,0,1,0,0,0,1,0,0,0,21,3,16,0.114,21,5,0,0,0,0,0,0,0,0,13
wildfly,0,1,0,0,0,1,0,0,0,23,4,19,0.139,28,5,0,0,0,0,0,0,0,0,13
wildfly,0,1,0,0,0,1,0,0,0,17,3,14,0.085,16,3,0,0,0,0,0,0,0,0,6
wildfly,0,1,0,0,0,1,0,0,0,26,5,22,0.005,30,3,0,0,0,0,0,0,0,24,12
wildfly,0,0,0,0,0,1,0,0,0,3,1,1,0,3,2,0,0,0,0,0,0,0,0,0
wildfly,0,0,0,0,0,1,0,0,0,15,0,10,0.066,12,2,0,0,0,0,0,0,0,0,7
wildfly,0,0,0,0,0,1,0,0,0,20,0,10,0.004,20,3,0,0,0,0,0,0,0,0,13
wildfly,0,0,0,0,0,1,0,0,0,3,1,2,0.001,4,3,0,0,0,0,0,0,0,0,0
wildfly,0,0,0,0,0,1,0,0,0,3,1,2,0,4,3,0,0,0,0,0,0,0,0,0
wildfly,0,1,0,0,1,1,0,0,0,17,2,10,0.001,14,3,0,0,0,0,0,0,0,0,4
wildfly,0,0,0,0,0,1,0,0,0,3,1,2,0,4,3,0,0,0,0,0,0,0,0,0
wildfly,0,0,0,0,0,1,0,0,0,15,0,8,0.064,12,3,0,0,0,0,0,0,0,0,8
wildfly,0,1,0,0,0,1,0,0,0,9,2,4,0.001,7,3,0,0,0,0,0,0,0,0,4
wildfly,0,0,0,0,0,1,0,0,0,5,0,1,0.174,5,3,0,0,0,0,0,0,0,0,0
wildfly,0,0,0,0,0,1,0,0,0,5,0,4,0.212,16,8,0,0,0,0,0,0,0,0,0
wildfly,0,0,0,0,0,1,0,0,0,7,0,4,0.251,6,4,0,0,0,0,0,0,0,0,0
wildfly,0,0,0,0,0,1,0,0,0,5,0,4,0.222,12,8,0,0,0,0,0,0,0,0,0
wildfly,0,0,0,0,1,1,0,0,0,37,0,21,3.014,47,5,0,1,1,1,1,1,1,1,24
wildfly,0,0,0,0,0,1,0,0,0,9,1,4,0.001,7,3,0,0,0,0,0,0,0,0,2
wildfly,0,0,0,0,0,1,0,0,0,11,1,6,0.001,9,3,0,0,0,0,0,0,0,0,4
wildfly,0,0,0,0,0,1,0,0,0,9,1,5,0,7,3,0,0,0,0,0,0,0,0,2
wildfly,0,1,0,0,0,1,0,0,0,17,3,10,0.049,13,3,0,0,0,0,0,0,0,0,12
wildfly,0,1,0,0,0,1,0,0,0,9,2,4,0.001,7,3,0,0,0,0,0,0,0,0,4
wildfly,0,0,0,0,0,1,0,0,0,10,0,5,0.029,9,3,0,0,0,0,0,0,0,0,3
wildfly,0,0,0,0,0,1,0,0,0,7,0,3,0.001,7,3,0,0,0,0,0,0,0,0,1
wildfly,0,0,0,0,0,1,0,0,0,3,0,2,0.159,4,3,0,0,0,0,0,0,0,0,0
wildfly,0,0,0,0,0,1,0,0,0,5,0,3,0.186,11,8,0,0,0,0,0,0,0,0,0
wildfly,0,0,0,0,0,1,0,0,0,5,0,3,0.216,11,8,0,0,0,0,0,0,0,0,0
wildfly,0,0,0,0,0,1,0,0,0,18,0,9,0.001,14,2,0,0,0,0,0,0,0,0,8
wildfly,0,0,0,0,0,1,0,0,0,10,1,6,0.055,7,2,0,0,0,0,0,0,0,0,4
wildfly,0,1,0,0,0,1,0,0,0,13,2,8,0.007,10,2,0,0,0,0,0,0,0,0,6
wildfly,0,0,0,0,0,1,0,0,0,17,0,9,0.003,13,2,0,0,0,0,0,0,0,0,8
wildfly,0,0,0,0,0,1,0,0,0,3,1,1,0,3,2,0,0,0,0,0,0,0,0,0
wildfly,0,0,0,0,0,1,0,0,0,3,1,1,0,3,2,0,0,0,0,0,0,0,0,0
wildfly,0,1,0,0,0,1,0,0,0,17,2,8,0.008,14,2,0,0,0,0,0,0,0,0,4
wildfly,0,0,0,0,0,1,0,0,0,3,1,1,0,3,2,0,0,0,0,0,0,0,0,0
wildfly,0,0,0,0,0,1,0,0,0,5,0,2,0.071,5,2,0,0,0,0,0,0,0,0,1
wildfly,0,0,0,0,0,0,0,0,0,4,0,1,0.019,4,2,0,0,0,0,0,0,0,0,1
wildfly,0,0,1,0,0,0,0,0,0,31,0,1,0.176,29,6,0,1,1,1,1,1,1,20,0
wildfly,0,0,0,0,0,0,0,0,0,3,0,1,0.034,2,2,0,0,0,0,0,0,0,0,0
wildfly,0,0,0,0,0,1,0,0,0,12,1,7,0.089,9,2,0,0,0,0,0,0,0,0,5
wildfly,0,0,0,0,0,1,0,0,0,11,1,6,0.002,8,2,0,0,0,0,0,0,0,0,5
wildfly,0,0,0,0,0,1,0,0,0,10,1,6,0.123,8,2,0,0,0,0,0,0,0,0,5
wildfly,0,0,0,0,0,1,0,0,0,8,1,5,0.001,6,2,0,0,0,0,0,0,0,0,2
wildfly,0,0,0,0,0,1,0,0,0,10,1,6,0.002,8,2,0,0,0,0,0,0,0,0,5
wildfly,0,0,0,0,0,1,0,0,0,11,1,6,0.006,8,2,0,0,0,0,0,0,0,0,5
wildfly,0,0,0,0,0,1,0,0,0,3,1,1,0.001,3,2,0,0,0,0,0,0,0,0,0
wildfly,0,0,0,0,0,1,0,0,0,5,0,3,0.014,4,2,0,0,0,0,0,0,0,0,1
wildfly,0,1,0,0,0,1,0,0,0,9,2,5,0.001,7,2,0,0,0,0,0,0,0,0,5
wildfly,0,0,0,0,0,1,0,0,0,5,0,2,0,4,2,0,0,0,0,0,0,0,0,1
wildfly,0,0,0,0,0,1,0,0,0,5,0,2,0.001,4,2,0,0,0,0,0,0,0,0,1
wildfly,0,0,0,0,0,1,0,0,0,5,0,2,0.001,4,2,0,0,0,0,0,0,0,0,1
wildfly,0,0,0,0,0,1,0,0,0,4,0,6,0.324,19,6,0,1,1,1,1,1,1,0,0
wildfly,0,0,0,0,0,1,0,0,0,8,1,4,0.043,6,2,0,0,0,0,0,0,0,0,3
wildfly,0,0,0,0,0,1,0,0,0,11,1,6,0.046,8,2,0,0,0,0,0,0,0,0,4
wildfly,0,1,0,0,0,1,0,0,0,19,2,10,0.001,13,2,0,0,0,0,0,0,0,0,9
wildfly,0,0,0,0,0,1,0,0,0,7,1,4,0,5,2,0,0,0,0,0,0,0,1,2
wildfly,0,0,0,0,0,1,0,0,0,24,1,13,0.032,24,4,0,1,1,2,2,2,0,0,14
wildfly,0,1,0,0,0,1,0,0,0,29,2,21,0.009,25,4,0,1,1,0,0,0,0,1,23
wildfly,0,1,0,0,0,1,0,0,0,28,2,20,0.003,24,4,0,1,1,0,0,0,0,1,22
wildfly,0,1,0,0,0,1,0,0,0,9,2,6,0.001,7,2,0,0,0,0,0,0,0,0,2
wildfly,0,1,0,0,0,1,0,0,0,9,2,6,0,7,2,0,0,0,0,0,0,0,0,2
wildfly,0,0,0,0,0,1,0,0,0,3,1,1,0.001,3,2,0,0,0,0,0,0,0,0,0
wildfly,0,1,0,0,0,1,0,0,0,28,2,19,0.261,23,4,0,1,1,0,0,0,0,3,20
wildfly,0,1,0,0,0,1,0,0,0,38,7,33,0.281,35,4,0,1,1,1,1,1,1,1,35
wildfly,0,0,0,0,0,1,0,0,0,15,1,9,0.002,13,2,0,0,0,0,0,0,0,1,9
wildfly,0,1,0,0,0,1,0,0,0,17,2,9,0.001,12,2,0,1,1,1,1,1,1,0,6
wildfly,0,0,0,0,0,1,0,0,0,10,1,5,0,7,2,0,0,0,0,0,0,0,1,4
wildfly,0,0,0,0,0,1,0,0,0,19,1,13,0.003,20,3,0,1,1,2,2,2,0,1,15
wildfly,0,0,0,0,0,1,0,0,0,3,1,1,0,3,2,0,0,0,0,0,0,0,0,0
wildfly,0,0,0,0,0,1,0,0,0,5,1,2,0,4,2,0,0,0,0,0,0,0,1,0
wildfly,0,0,0,0,0,1,0,0,0,5,0,3,0,5,2,0,0,0,0,0,0,0,0,2
wildfly,0,0,0,0,0,1,0,0,0,6,0,3,0.006,5,2,0,0,0,0,0,0,0,0,2
wildfly,0,0,0,0,0,1,0,0,0,7,0,3,0,6,2,0,1,1,0,0,0,0,0,3
wildfly,0,0,0,0,0,1,0,0,0,58,1,1,0.047,7,2,0,1,1,2,2,2,0,0,2
wildfly,0,0,0,0,0,1,0,0,0,22,1,1,0.003,7,2,0,1,1,2,2,2,0,0,2
wildfly,0,0,0,0,0,1,0,0,0,21,1,1,0.009,7,2,0,1,1,2,2,2,0,0,2
wildfly,0,1,0,0,0,1,0,0,0,39,3,1,0.045,7,2,0,1,1,2,2,2,0,0,2
wildfly,0,0,0,0,0,1,0,0,0,21,1,1,0.071,7,2,0,1,1,2,2,2,0,0,2
wildfly,0,0,0,0,0,1,0,0,0,8,1,4,0,6,2,0,0,0,0,0,0,0,0,3
wildfly,0,0,0,0,0,1,0,0,0,21,1,1,0,7,2,0,1,1,2,2,2,0,0,2
wildfly,0,0,0,0,0,1,0,0,0,21,1,1,0.007,7,2,0,1,1,2,2,2,0,0,2
wildfly,0,0,0,0,0,1,0,0,0,3,1,1,0.005,3,2,0,0,0,0,0,0,0,0,1
wildfly,0,0,0,0,0,1,0,0,0,27,0,1,0.703,8,3,0,1,1,2,2,2,0,0,2
wildfly,0,0,0,0,0,1,0,0,0,27,1,1,0.004,7,2,0,1,1,2,2,2,0,0,2
wildfly,0,0,0,0,0,1,0,0,0,26,1,1,0.006,7,2,0,1,1,2,2,2,0,0,2
wildfly,0,0,0,0,0,1,0,0,0,29,0,21,0.008,32,2,0,1,1,2,2,2,0,1,28
wildfly,0,0,0,0,0,1,0,0,0,31,1,1,0.008,7,2,0,1,1,2,2,2,0,0,2
wildfly,0,1,0,0,0,1,0,0,0,60,7,1,0.016,9,3,0,1,1,2,2,2,0,0,2
wildfly,0,0,0,0,0,1,0,0,0,20,0,1,0.005,7,2,0,1,1,2,2,2,0,0,2
wildfly,0,0,0,0,0,1,0,0,0,30,1,1,0.004,7,2,0,1,1,2,2,2,0,0,2
wildfly,0,0,0,0,0,1,0,0,0,30,1,1,0.005,7,2,0,1,1,2,2,2,0,0,2
wildfly,0,0,0,0,0,1,0,0,0,30,1,1,0.06,7,2,0,1,1,2,2,2,0,0,2
wildfly,0,1,0,0,0,1,0,0,0,34,9,23,1.666,28,2,0,0,0,0,0,0,0,0,12
wildfly,0,1,0,0,0,1,0,0,0,39,2,33,2.292,39,3,0,0,0,0,0,0,0,16,45
wildfly,0,1,0,0,0,1,0,0,0,25,4,21,0.1,27,3,0,0,0,0,0,0,0,1,24
wildfly,0,0,0,0,0,1,0,0,0,16,1,14,0.002,17,3,0,0,0,0,0,0,0,0,15
wildfly,0,0,0,0,0,1,0,0,0,9,1,4,0.001,7,2,0,0,0,0,0,0,0,0,2
wildfly,0,0,0,0,0,1,0,0,0,16,1,10,0.226,12,2,0,0,0,0,0,0,0,1,12
wildfly,0,0,0,0,0,1,0,0,0,7,0,3,0.105,8,2,0,0,0,0,0,0,0,0,3
wildfly,0,0,0,0,0,1,0,0,0,20,0,16,0,21,2,0,0,0,0,0,0,0,1,27
wildfly,0,0,0,0,1,1,0,0,0,15,0,9,0.001,14,2,0,0,0,0,0,0,0,1,10
wildfly,0,1,0,0,0,1,0,0,0,30,2,21,0,24,2,0,0,0,0,0,0,0,0,27
wildfly,0,0,0,0,0,1,0,0,0,16,1,11,0.042,14,2,0,0,0,0,0,0,0,0,10
wildfly,0,0,0,0,0,1,0,0,0,11,1,5,0.001,7,2,0,0,0,0,0,0,0,0,4
wildfly,0,0,0,0,0,1,0,0,0,16,1,10,0.002,14,2,0,0,0,0,0,0,0,0,9
wildfly,0,1,0,0,0,1,0,0,0,20,2,15,0.223,20,3,0,0,0,0,0,0,0,0,18
wildfly,0,0,0,0,0,1,0,0,0,9,0,4,0.139,6,2,0,0,0,0,0,0,0,0,4
wildfly,0,1,0,0,0,1,0,0,0,39,3,29,0.029,50,4,0,0,0,0,0,0,0,1,43
wildfly,0,0,0,0,0,1,0,0,0,18,0,13,0.084,19,2,0,0,0,0,0,0,0,0,18
wildfly,0,0,0,0,0,0,0,0,0,3,0,15,0.208,38,4,0,1,1,2,2,2,1,12,0
wildfly,0,0,0,0,0,0,0,0,0,3,0,15,0.275,38,4,0,1,1,2,2,2,1,12,0
wildfly,0,0,0,0,0,0,0,0,0,3,0,15,0.465,38,4,0,1,1,2,2,2,1,12,0
wildfly,0,0,0,0,0,0,0,0,0,3,0,15,0.237,38,4,0,1,1,2,2,2,1,12,0
wildfly,0,0,0,0,0,0,0,0,0,3,0,15,0.36,38,4,0,1,1,2,2,2,1,12,0
wildfly,0,0,0,0,0,0,0,0,0,4,0,15,1.426,81,6,0,1,1,2,2,2,1,12,0
wildfly,0,0,0,0,0,0,0,0,0,3,0,15,0.303,38,4,0,1,1,2,2,2,1,12,0
wildfly,0,0,0,0,0,0,0,0,0,3,0,15,0.183,38,4,0,1,1,2,2,2,1,12,0
wildfly,0,0,0,0,0,0,0,0,0,3,0,15,0.181,38,4,0,1,1,2,2,2,1,12,0
wildfly,0,0,0,0,0,0,0,0,0,3,0,15,0.208,38,4,0,1,1,2,2,2,1,12,0
wildfly,0,0,0,0,0,0,0,0,0,3,0,15,0.271,38,4,0,1,1,2,2,2,1,12,0
wildfly,0,0,0,0,0,0,0,0,0,3,0,15,0.386,38,4,0,1,1,2,2,2,1,12,0
wildfly,0,0,0,0,0,0,0,0,0,3,0,16,0.36,43,4,0,1,1,2,2,2,1,12,0
wildfly,0,0,0,0,0,0,0,0,0,3,0,15,0.245,38,4,0,1,1,2,2,2,1,12,0
wildfly,0,0,0,0,0,0,0,0,0,3,0,15,0.288,38,4,0,1,1,2,2,2,1,12,0
wildfly,0,0,0,0,0,0,0,0,0,3,0,15,0.248,38,4,0,1,1,2,2,2,1,12,0
wildfly,0,0,0,0,0,0,0,0,0,3,0,15,0.279,38,4,0,1,1,2,2,2,1,12,0
wildfly,0,0,0,0,0,1,0,0,0,4,0,4,9.14,61,6,0,1,1,1,1,1,1,12,0
wildfly,0,0,0,0,0,1,0,0,0,3,0,6,0.397,76,44,0,1,1,1,1,1,1,14,2
wildfly,0,0,1,0,0,1,0,0,0,31,1,9,0.79,84,46,0,1,1,1,1,1,1,14,2
wildfly,0,0,0,0,0,1,0,0,0,3,0,6,0.398,76,44,0,1,1,1,1,1,1,14,2
wildfly,0,0,0,0,0,1,0,0,0,3,0,11,3.626,221,52,0,1,1,1,1,1,1,14,10
wildfly,0,0,0,0,0,0,0,0,0,4,0,2,0.663,8,4,0,1,1,1,1,1,1,0,0
wildfly,0,0,0,0,0,1,0,0,0,3,0,6,0.234,80,45,0,1,1,1,1,1,1,14,2
wildfly,0,0,0,0,0,1,0,0,0,24,0,28,0.182,143,60,0,1,1,1,1,1,1,14,29
wildfly,0,0,0,0,0,1,0,0,0,24,0,29,0.111,99,48,0,1,1,1,1,1,1,14,33
wildfly,0,0,0,0,0,1,0,0,0,15,0,25,0.143,152,59,0,1,1,1,1,1,1,14,24
wildfly,0,0,0,0,0,1,0,0,0,5,0,17,2.9,231,65,0,1,1,1,1,1,1,14,21
wildfly,0,0,0,0,0,1,0,0,0,20,0,26,0.166,140,60,0,1,1,1,1,1,1,14,28
wildfly,0,1,0,0,0,1,0,0,0,26,3,24,1.41,212,52,0,1,1,1,1,1,1,14,30
wildfly,0,1,0,0,0,1,0,0,0,19,3,19,5.498,244,64,0,1,1,1,1,1,1,14,24
wildfly,0,0,0,0,0,0,0,0,0,4,0,1,1.501,15,3,0,0,0,0,0,0,0,0,0
wildfly,0,0,0,0,0,1,0,0,0,3,0,9,4.356,66,26,0,1,1,2,2,2,1,0,6
wildfly,0,0,0,0,0,1,0,0,0,3,0,12,1.659,75,23,0,1,1,2,2,2,1,21,12
wildfly,0,0,0,0,0,1,0,0,0,3,0,16,1.363,76,23,0,1,1,2,2,2,1,0,18
wildfly,0,0,0,0,0,1,0,0,0,3,0,14,1.462,63,23,0,1,1,2,2,2,1,0,21
wildfly,0,0,0,0,0,1,0,0,0,6,0,9,2.991,290,30,0,1,1,2,2,2,17,17,12
wildfly,0,0,0,0,0,1,0,0,0,12,1,8,0.113,31,13,0,1,1,2,2,2,7,7,8
wildfly,0,0,0,0,0,1,0,0,0,20,0,11,2.911,312,34,0,1,1,2,2,2,17,17,9
wildfly,0,1,0,0,0,1,0,0,0,20,5,11,0.005,14,4,0,1,1,2,2,2,7,7,9
wildfly,0,0,0,0,0,1,0,0,0,13,0,7,0.142,30,13,0,1,1,2,2,2,7,7,5
wildfly,0,1,0,0,0,1,0,0,0,16,6,2,1.019,20,4,0,0,0,0,0,0,0,12,3
wildfly,0,0,0,0,0,0,0,0,0,10,0,1,0.852,697,18,0,1,4,4,6,9,11,22,2
wildfly,0,0,0,0,0,0,0,0,0,3,0,19,8.744,2801,157,0,1,4,4,6,9,11,32,17
wildfly,0,0,0,0,0,1,0,0,0,3,0,44,2.937,648,78,0,1,4,4,6,4,4,15,81
wildfly,0,0,0,0,0,1,0,0,0,3,0,43,1.897,2449,152,0,1,4,4,6,9,11,32,61
wildfly,0,0,0,0,0,1,0,0,0,3,0,51,10.027,2809,166,0,1,4,4,6,9,11,32,63
wildfly,0,0,0,0,0,1,0,0,0,3,0,45,2.811,647,78,0,1,4,4,6,4,4,20,84
wildfly,0,0,0,0,0,1,0,0,0,3,0,35,1.87,2447,152,0,1,4,4,6,9,11,32,44
wildfly,0,0,0,0,0,1,0,0,0,3,0,35,1.942,2581,155,0,1,4,4,6,9,11,29,30
wildfly,0,0,0,0,0,1,0,0,0,3,0,43,9.146,2803,165,0,1,4,4,6,9,11,32,66
wildfly,0,0,0,0,0,1,0,0,0,3,0,35,3.969,2589,159,0,1,4,4,6,9,11,29,30
wildfly,0,0,0,0,0,1,0,0,0,3,0,70,2.622,659,78,0,1,4,4,6,9,12,12,151
wildfly,0,0,0,0,0,1,0,0,0,3,0,57,1.93,2470,155,0,1,4,4,6,9,12,32,72
wildfly,0,0,0,0,0,1,0,0,0,3,0,58,1.65,2603,158,0,1,4,4,6,9,12,29,70
wildfly,0,0,0,0,0,1,0,0,0,3,0,67,8.405,2873,165,0,1,4,4,6,9,12,32,78
wildfly,0,0,0,0,0,1,0,0,0,3,0,60,3.627,2601,159,0,1,4,4,6,9,12,29,72
wildfly,0,0,0,0,0,1,0,0,0,3,0,67,2.296,519,77,0,1,4,4,6,4,4,12,161
wildfly,0,0,0,0,0,1,0,0,0,3,0,54,1.702,2330,154,0,1,4,4,6,9,11,32,55
wildfly,0,0,0,0,0,1,0,0,0,3,0,56,1.703,2463,157,0,1,4,4,6,9,11,29,57
wildfly,0,0,0,0,0,0,0,0,0,4,0,38,2.511,2405,81,0,1,4,4,6,9,11,29,22
wildfly,0,0,0,0,0,1,0,0,0,3,0,58,7.355,2344,160,0,1,4,4,6,9,11,32,64
wildfly,0,0,0,0,0,1,0,0,0,3,0,58,3.555,2461,158,0,1,4,4,6,9,11,29,62
wildfly,0,1,0,0,0,0,0,0,0,38,7,0,1.295,84,8,0,1,4,4,4,4,4,12,0
wildfly,0,0,0,0,0,1,0,0,0,11,1,23,3.472,2645,153,0,1,4,4,6,9,11,29,24
wildfly,0,1,0,0,0,1,0,0,0,14,3,20,0.278,190,53,0,1,1,2,2,2,16,17,63
wildfly,0,1,0,0,0,1,0,0,0,31,7,20,0.176,193,55,0,1,1,2,2,2,16,17,63
wildfly,0,1,0,0,0,1,0,0,0,16,3,21,0.243,182,53,0,1,1,2,2,2,16,17,61
wildfly,0,1,0,0,0,1,0,0,0,11,2,20,0.185,190,53,0,1,1,2,2,2,16,17,63
wildfly,0,1,0,0,0,1,0,0,0,23,4,20,0.198,190,53,0,1,1,2,2,2,16,17,63
wildfly,0,1,0,0,0,1,0,0,0,13,2,33,3.073,367,88,0,1,1,2,2,2,16,17,75
wildfly,0,0,0,0,0,1,0,0,0,3,0,25,5.007,397,98,0,1,8,2,2,2,16,17,41
wildfly,0,0,0,0,0,1,0,0,0,3,0,27,1.607,224,62,0,1,1,2,2,2,16,17,61
wildfly,0,0,0,0,0,1,0,0,0,3,0,27,1.446,257,62,0,1,1,2,2,2,16,17,61
wildfly,0,0,0,0,0,1,0,0,0,3,0,23,2.113,239,62,0,1,1,2,2,2,16,17,59
wildfly,0,0,0,0,0,1,0,0,0,3,0,21,2.123,247,63,0,1,1,2,2,2,16,17,56
wildfly,0,0,0,0,0,1,0,0,0,3,0,20,2.392,247,63,0,1,1,2,2,2,16,17,56
wildfly,0,0,0,0,0,1,0,0,0,19,0,14,2.724,446,69,0,0,0,0,0,0,0,13,19
wildfly,0,0,0,0,0,1,0,0,0,19,0,24,0.189,166,47,0,0,0,0,0,0,0,13,27
wildfly,0,0,0,0,0,1,0,0,0,23,0,19,4.369,454,71,0,0,0,0,0,0,0,13,24
wildfly,0,0,0,0,0,1,0,0,0,3,0,10,4.3,462,68,0,0,0,0,0,0,0,4,9
wildfly,0,0,0,0,0,1,0,0,0,22,1,31,0.717,265,65,0,0,0,0,0,0,0,13,51
wildfly,0,0,0,0,0,0,0,0,0,4,0,1,0.681,7,3,0,0,0,0,0,0,0,1,0
wildfly,0,0,0,0,0,1,0,0,0,21,0,17,4.025,429,59,0,0,0,0,0,0,0,13,28
wildfly,0,0,0,0,0,0,0,0,0,3,0,6,4.97,408,58,0,0,0,0,0,0,0,13,4
wildfly,0,0,0,0,0,1,0,0,0,22,1,20,0.503,125,47,0,0,0,0,0,0,0,13,11
wildfly,0,0,0,0,0,0,0,0,0,4,0,2,0.838,7,3,0,0,0,0,0,0,0,0,1
wildfly,0,0,0,0,0,1,0,0,0,22,1,19,3.465,429,63,0,0,0,0,0,0,0,13,15
wildfly,0,0,0,0,0,1,0,0,0,22,1,17,2.884,414,66,0,0,0,0,0,0,0,2,14
wildfly,0,0,0,0,0,1,0,0,0,22,1,13,3.03,414,66,0,0,0,0,0,0,0,2,8
wildfly,0,0,0,0,0,0,0,0,0,4,0,1,1.413,11,3,0,0,0,0,0,0,0,0,0
wildfly,0,1,0,0,0,1,0,0,0,41,33,39,0.025,42,2,0,0,0,0,0,0,0,0,27
wildfly,0,0,0,0,0,1,0,0,0,16,1,7,0.025,10,2,0,0,0,0,0,0,0,0,1
wildfly,0,0,0,0,0,1,0,0,0,4,0,5,0.085,16,4,0,0,0,0,0,0,0,0,1
wildfly,0,0,0,0,0,1,0,0,0,4,0,5,0.005,60,4,0,0,0,0,0,0,0,0,1
wildfly,0,0,0,0,0,1,0,0,0,4,0,5,0.001,69,4,0,0,0,0,0,0,0,0,1
wildfly,0,0,0,0,0,1,0,0,0,4,0,5,0,59,4,0,0,0,0,0,0,0,0,1
wildfly,0,0,0,0,0,1,0,0,0,4,0,5,0,59,4,0,0,0,0,0,0,0,0,1
wildfly,0,0,0,0,0,1,0,0,0,4,0,5,0.004,57,4,0,0,0,0,0,0,0,0,1
wildfly,0,0,0,0,0,1,0,0,0,11,0,8,0,9,2,0,0,0,0,0,0,0,0,9
wildfly,0,1,0,0,0,1,0,0,0,32,3,21,0.134,25,2,0,1,1,1,1,1,1,0,29
wildfly,0,0,0,0,0,1,0,0,0,13,1,8,0.044,10,2,0,1,1,1,1,1,1,0,7
wildfly,0,0,0,0,0,1,0,0,0,10,1,5,0.001,7,2,0,0,0,0,0,0,0,0,4
wildfly,0,0,0,0,0,1,0,0,0,11,0,8,0,10,2,0,1,1,1,1,1,1,0,6
wildfly,0,0,0,0,0,1,0,0,0,8,0,20,5.231,1936,219,0,1,1,1,1,1,6,45,18
wildfly,0,0,0,0,0,1,0,0,0,8,0,17,4.868,1938,219,0,1,1,1,1,1,6,45,15
wildfly,0,0,0,0,0,1,0,0,0,7,0,16,4.934,1958,220,0,1,1,1,1,1,6,45,12
wildfly,0,0,0,0,0,0,0,0,0,3,0,6,2.637,262,132,0,1,1,1,1,1,1,17,1
wildfly,0,0,0,0,0,1,0,0,0,8,0,18,5.144,2011,222,0,1,1,1,1,1,6,45,16
wildfly,0,0,0,0,0,1,0,0,0,8,0,15,5.009,1963,222,0,1,1,1,1,1,6,45,8
wildfly,0,0,0,0,0,1,0,0,0,8,0,19,5.432,1963,222,0,1,1,1,1,1,6,45,16
wildfly,0,0,0,0,0,1,0,0,0,8,0,17,5.261,2170,229,0,1,1,1,1,1,6,45,12
wildfly,0,0,0,0,0,1,0,0,0,8,0,15,5.846,2031,229,0,1,1,1,1,1,6,45,12
wildfly,0,0,0,0,0,1,0,0,0,8,0,13,5.306,2042,230,0,1,1,1,1,1,6,45,7
wildfly,0,0,0,0,0,1,0,0,0,8,0,14,4.871,2008,229,0,1,1,1,1,1,6,45,6
wildfly,0,0,0,0,0,0,0,0,0,4,0,1,1.591,52,6,0,1,1,1,1,1,3,17,0
wildfly,0,0,0,0,0,0,0,0,0,5,0,130,1.658,1507,156,0,1,1,1,1,1,6,45,133
wildfly,0,0,0,0,0,0,0,0,0,59,0,112,7.72,1514,162,0,1,1,1,1,1,6,25,136
wildfly,0,0,0,0,0,1,0,0,0,35,0,134,3.398,1514,158,0,1,1,1,1,1,6,45,145
wildfly,0,0,0,0,0,1,0,0,0,3,0,60,3.514,1176,152,0,1,1,1,1,1,3,25,76
wildfly,0,0,0,0,0,1,0,0,0,3,0,134,3.329,1519,158,0,1,1,1,1,1,6,45,145
wildfly,0,0,0,0,0,1,0,0,0,3,0,2,0.568,25,13,0,1,1,2,2,2,0,0,1
wildfly,0,1,0,0,0,1,0,0,0,19,5,11,0.002,20,4,0,1,1,2,2,2,0,0,8
wildfly,0,1,0,0,0,1,0,0,0,26,2,3,0.016,14,4,0,1,1,2,2,2,0,0,0
wildfly,0,0,0,0,0,0,0,0,0,4,0,2,0.586,6,3,0,0,0,0,0,0,0,0,0
wildfly,0,0,0,0,0,0,0,0,0,3,0,2,0.339,29,14,0,1,1,2,2,2,0,0,0
wildfly,0,0,0,0,0,0,0,0,0,3,0,2,0.351,25,13,0,1,1,2,2,2,0,0,0
wildfly,0,0,0,0,0,0,0,0,0,3,0,2,3.462,304,14,0,1,1,2,2,2,1,35,0
wildfly,1,0,0,0,0,0,0,0,1,3,0,19,4.697,268,18,0,1,1,2,2,2,1,24,27
wildfly,1,0,0,0,0,0,0,0,1,3,0,22,1.274,270,17,0,1,1,2,2,2,1,24,28
wildfly,0,0,0,0,0,1,0,0,0,12,1,7,0.216,9,2,0,1,1,2,2,2,0,0,4
wildfly,0,0,0,0,0,1,0,0,0,12,1,7,0.003,9,2,0,1,1,2,2,2,0,0,4
wildfly,0,1,0,0,0,1,0,0,0,6,3,7,0.26,11,2,0,1,1,1,1,1,1,0,3
wildfly,0,0,0,0,0,1,0,0,0,5,0,2,0.008,5,2,0,0,0,0,0,0,0,0,2
wildfly,0,1,0,0,0,1,0,0,0,28,4,17,0.66,21,2,0,0,0,0,0,0,0,0,20
wildfly,0,1,0,0,0,1,0,0,0,26,2,17,0.166,19,2,0,0,0,0,0,0,0,0,22
wildfly,0,0,0,0,0,1,0,0,0,3,1,1,0,3,2,0,0,0,0,0,0,0,0,1
wildfly,0,0,0,0,0,1,0,0,0,11,1,6,0.033,9,2,0,0,0,0,0,0,0,0,5
wildfly,0,1,0,0,0,1,0,0,0,16,3,8,0.001,10,2,0,0,0,0,0,0,0,0,9
wildfly,0,1,0,0,0,1,0,0,0,6,3,7,0.004,17,5,0,0,0,0,0,0,0,0,4
wildfly,0,1,0,0,0,1,0,0,0,9,3,9,0.004,19,7,0,0,0,0,0,0,0,0,1
wildfly,0,0,0,0,0,1,0,0,0,3,1,5,0.001,11,4,0,0,0,0,0,0,0,0,2
wildfly,0,1,0,0,0,1,0,0,0,8,4,11,0.003,20,7,0,0,0,0,0,0,0,0,3
wildfly,0,0,0,0,0,1,0,0,0,3,1,4,0.005,9,4,0,0,0,0,0,0,0,0,1
wildfly,0,0,0,0,0,1,0,0,0,3,1,5,0.001,9,4,0,0,0,0,0,0,0,0,1
wildfly,0,0,0,0,0,1,0,0,0,3,1,4,0.001,9,4,0,0,0,0,0,0,0,0,1
wildfly,0,1,0,0,0,1,0,0,0,20,3,16,0.002,27,6,0,1,1,1,1,1,1,2,13
wildfly,0,1,0,0,0,1,0,0,0,6,2,7,0,11,5,0,1,1,1,1,1,1,0,2
wildfly,0,1,0,0,0,1,0,0,0,19,4,18,0.625,29,6,0,1,1,1,1,1,1,0,12
wildfly,0,0,0,0,0,1,0,0,0,3,1,4,0,9,5,0,1,1,1,1,1,1,0,2
wildfly,0,0,0,0,0,1,0,0,0,3,1,4,0.004,9,5,0,1,1,1,1,1,1,0,2
wildfly,0,1,0,0,0,1,0,0,0,11,3,8,0.362,15,5,0,1,1,2,2,2,0,0,7
wildfly,0,1,0,0,0,1,0,0,0,12,9,9,0.08,17,4,0,0,0,0,0,0,0,0,0
wildfly,0,1,0,0,0,1,0,0,0,46,38,43,0.005,60,6,0,0,0,0,0,0,0,56,0
wildfly,0,0,0,0,1,0,0,0,0,10,1,5,0.26,18,4,0,0,0,0,0,0,0,0,0
wildfly,0,1,0,0,0,1,0,0,0,16,8,16,0.005,25,5,0,0,0,0,0,0,0,0,0
wildfly,0,1,0,0,0,1,0,0,0,47,35,35,0.006,47,4,0,0,0,0,0,0,0,0,0
wildfly,0,1,0,0,0,1,0,0,0,4,2,2,0,5,2,0,0,0,0,0,0,0,0,0
wildfly,0,0,0,0,0,1,0,0,0,4,1,2,0.002,6,3,0,0,0,0,0,0,0,0,0
