wro4j,0,0,0,0,0,0,0,0,0,3,0,3,1.362,5,3,0,0,2,2,2,2,2,0,1
wro4j,0,0,0,0,0,1,0,0,0,4,0,3,0.113,5,3,0,0,2,2,2,2,2,0,1
wro4j,0,0,0,0,0,1,0,0,0,3,1,2,0.002,5,3,0,0,2,2,2,2,2,0,0
wro4j,0,0,0,0,0,1,0,0,0,3,0,14,0.02,199,88,1,1,2,2,2,2,7,7,2
wro4j,0,0,0,0,0,0,0,0,0,3,1,11,0.137,194,88,1,1,2,2,2,2,7,7,1
wro4j,0,0,0,0,0,1,0,0,0,5,1,13,0.034,196,88,1,1,2,2,2,2,7,7,5
wro4j,0,0,0,0,0,1,0,0,0,5,1,13,0.064,196,88,1,1,2,2,2,2,7,7,5
wro4j,0,0,0,0,0,1,0,0,0,6,1,14,0.127,198,89,1,1,2,2,2,2,7,7,7
wro4j,0,0,0,0,0,1,0,0,0,8,1,15,0.031,200,89,1,1,2,2,4,4,7,7,7
wro4j,0,0,0,0,0,1,0,0,0,3,1,10,2.438,183,96,1,1,2,2,4,4,7,10,0
wro4j,0,1,0,0,0,1,0,0,0,19,2,1,0.696,15,12,0,0,2,2,2,2,2,4,0
wro4j,0,1,0,1,0,1,0,0,0,25,7,1,0.734,13,10,0,0,2,2,2,2,2,4,0
wro4j,0,0,0,0,0,1,0,0,0,3,0,24,0.004,196,86,1,1,4,2,2,2,7,8,1
wro4j,0,0,0,0,0,1,0,0,0,3,0,23,0.019,195,85,1,1,4,2,2,2,7,8,1
wro4j,1,0,0,0,1,1,0,0,0,14,0,27,0.402,264,103,1,1,4,4,4,4,9,13,4
wro4j,0,1,0,0,0,1,0,0,0,6,2,21,2.258,169,90,1,1,2,2,2,2,6,8,1
wro4j,0,0,0,0,0,1,0,0,0,6,0,21,0.368,230,96,1,1,4,4,4,4,7,8,4
wro4j,0,1,0,0,0,0,0,0,0,9,2,21,0.024,194,85,1,1,4,2,2,2,7,8,1
wro4j,0,0,0,0,0,1,0,0,0,11,1,3,0.86,10,7,0,0,2,2,2,2,2,5,0
wro4j,0,0,0,0,0,1,0,0,0,15,1,2,1.416,8,7,0,0,2,2,2,2,2,5,0
wro4j,0,0,0,0,0,0,0,0,0,4,1,2,0.001,4,2,0,0,2,2,2,2,2,0,0
wro4j,0,0,0,0,0,0,0,0,0,4,1,2,0.001,4,2,0,0,2,2,2,2,2,0,0
wro4j,0,1,0,1,0,0,0,0,0,6,2,4,0.022,6,2,0,0,2,2,2,2,2,5,0
wro4j,0,1,0,1,0,0,0,0,0,6,2,4,0,6,2,0,0,2,2,2,2,2,5,0
wro4j,0,0,0,0,0,0,0,0,0,5,1,3,0.001,5,2,0,0,2,2,2,2,2,5,0
wro4j,0,0,0,0,0,0,0,0,0,5,1,3,0.187,9,5,0,0,2,2,2,2,2,5,0
wro4j,0,0,0,0,0,0,0,0,0,3,1,0,0,3,3,0,0,2,2,0,0,0,0,0
wro4j,0,1,0,1,0,1,0,0,0,11,3,1,0.001,5,4,0,0,2,2,2,2,2,0,0
wro4j,0,1,0,1,0,0,0,0,0,6,2,0,0.001,4,4,0,0,2,2,2,2,2,0,0
wro4j,0,1,0,1,0,0,0,0,0,6,3,0,0.694,5,4,0,0,2,2,2,2,2,0,0
wro4j,0,0,0,0,0,1,0,0,0,6,1,4,0.132,11,6,0,0,2,2,2,2,2,4,0
wro4j,0,0,0,0,0,0,0,0,0,3,0,1,0.015,3,2,0,0,0,0,0,0,0,0,1
wro4j,0,0,0,0,0,1,0,0,0,12,1,5,0.011,10,5,0,0,0,0,0,0,0,5,4
wro4j,0,1,0,0,0,1,0,0,0,7,2,5,1.728,26,5,0,0,0,0,0,0,0,5,2
wro4j,0,0,0,0,0,1,0,0,0,6,1,4,0.015,9,5,0,0,0,0,0,0,0,5,2
wro4j,0,0,0,0,0,0,0,0,0,8,0,2,0.004,10,5,0,0,0,0,0,0,0,3,3
wro4j,0,0,0,0,0,1,0,0,0,9,1,6,0.095,17,10,0,0,0,0,0,0,0,0,1
wro4j,0,0,0,0,0,1,0,0,0,11,1,8,0.007,17,8,0,0,0,0,0,0,0,3,5
wro4j,0,0,0,0,0,1,0,0,0,14,1,10,0.033,21,9,0,0,0,0,0,0,0,4,3
wro4j,0,1,0,0,0,1,0,0,0,6,2,5,1.764,28,8,0,0,0,0,0,0,0,5,2
wro4j,0,1,0,0,0,1,0,0,0,19,4,14,0.019,25,9,0,0,0,0,0,0,0,4,3
wro4j,0,0,0,0,0,1,0,0,0,5,1,7,0.013,16,8,0,0,0,0,0,0,0,4,3
wro4j,0,0,0,0,0,1,0,0,0,12,1,9,0.008,20,9,0,0,0,0,0,0,0,3,1
wro4j,0,0,0,0,0,1,0,0,0,13,1,10,0.033,21,9,0,0,0,0,0,0,0,3,3
wro4j,0,0,0,0,0,0,0,0,0,8,0,4,0.022,6,4,0,0,0,0,0,0,0,0,0
wro4j,0,0,0,0,0,0,0,0,0,9,0,4,0,6,4,0,0,0,0,0,0,0,0,0
wro4j,0,1,0,0,0,0,0,0,0,28,10,0,0.064,20,4,0,0,0,0,0,0,0,5,0
wro4j,0,1,0,0,0,1,0,0,0,20,16,19,0,21,3,0,0,0,0,0,0,0,5,1
wro4j,0,0,0,0,0,1,0,0,0,9,1,6,0,8,3,0,0,0,0,0,0,0,0,0
wro4j,0,0,0,0,0,0,0,0,0,3,0,4,0.002,6,2,0,0,0,0,0,0,0,4,4
wro4j,0,0,0,0,0,0,0,0,0,5,1,4,0.036,13,4,0,0,0,0,0,0,0,4,3
wro4j,0,0,0,0,0,0,0,0,0,5,1,4,0.013,12,4,0,0,0,0,0,0,0,4,3
wro4j,0,0,0,0,0,0,0,0,0,3,1,1,1.641,22,5,0,0,0,0,0,0,0,5,0
wro4j,0,0,0,0,0,1,0,0,0,10,1,8,0.073,19,4,0,0,2,2,2,2,2,4,3
wro4j,0,0,0,0,0,0,0,0,0,9,1,4,0.004,13,5,0,0,0,0,0,0,0,4,0
wro4j,0,0,0,0,0,0,0,0,0,3,0,0,0.047,3,2,0,0,2,2,2,2,2,0,0
wro4j,0,0,0,0,0,0,0,0,0,3,0,0,0.001,2,2,0,0,2,2,2,2,2,0,0
wro4j,0,0,0,0,0,1,0,0,0,3,1,1,0.002,3,2,0,0,2,2,2,2,2,0,0
wro4j,0,1,0,0,0,1,0,0,0,7,2,5,0,7,2,0,0,2,2,2,2,2,6,0
wro4j,0,0,0,0,0,0,0,0,0,3,0,0,0,5,3,0,0,0,0,0,0,0,0,0
wro4j,0,0,0,0,0,0,0,0,0,3,0,0,0.006,4,2,0,0,0,0,0,0,0,0,0
wro4j,0,1,0,0,0,1,0,0,0,9,2,3,0.08,14,7,0,0,2,2,2,2,2,0,0
wro4j,0,0,0,0,0,0,0,0,0,4,0,0,1.784,7,5,0,0,0,0,0,0,0,0,0
wro4j,0,1,0,0,0,1,0,0,0,12,2,3,0.025,16,6,0,0,2,2,0,0,0,0,0
wro4j,0,0,0,0,0,0,0,0,0,4,1,2,2.003,6,3,0,0,2,2,2,2,2,0,0
wro4j,0,0,0,0,0,1,0,0,0,8,0,2,0.784,19,10,0,0,2,2,2,2,6,6,0
wro4j,0,0,0,0,0,1,0,0,0,4,1,12,0.052,20,8,0,0,2,2,2,2,6,6,0
wro4j,0,0,0,0,0,1,0,0,0,5,1,11,0.02,19,8,0,0,2,2,2,2,6,6,0
wro4j,0,0,0,0,0,1,0,0,0,3,1,11,0.055,19,8,0,0,2,2,2,2,6,6,0
wro4j,0,0,0,0,0,1,0,0,0,5,1,9,0.079,18,9,0,0,2,2,2,2,6,6,0
wro4j,0,0,0,0,0,1,0,0,0,4,1,11,0.063,19,8,0,0,2,2,2,2,6,6,0
wro4j,0,0,0,0,0,1,0,0,0,11,1,8,0.209,17,9,0,0,2,2,2,2,2,6,0
wro4j,0,0,0,0,0,1,0,0,0,7,0,11,3.417,20,9,0,0,2,2,2,2,6,6,0
wro4j,0,0,0,0,0,0,0,0,0,4,0,4,5.028,16,9,0,0,2,2,2,2,2,5,0
wro4j,0,1,0,0,0,1,0,0,0,11,7,10,0.172,16,7,0,0,2,2,2,2,2,4,0
wro4j,0,0,0,0,0,0,0,0,0,3,0,0,0.018,3,2,0,0,2,2,2,2,0,0,0
wro4j,0,0,0,0,0,0,0,0,0,4,0,0,0.016,2,2,0,0,2,2,2,2,0,0,0
wro4j,0,0,0,0,0,1,0,0,0,3,1,1,0.014,3,2,0,0,2,2,2,2,0,0,0
wro4j,0,0,0,0,0,0,0,0,0,3,1,1,0.596,4,2,0,0,2,2,2,2,0,0,0
wro4j,0,0,0,0,0,0,0,0,0,6,0,2,0.183,4,2,0,0,2,2,2,2,0,0,1
wro4j,0,0,0,0,0,1,0,0,0,3,1,1,0.022,3,2,0,0,2,2,2,2,0,0,0
wro4j,0,0,0,0,0,0,0,0,0,10,1,1,0.002,2,2,0,0,0,0,0,0,0,0,0
wro4j,0,0,0,0,0,0,0,0,0,3,0,1,0.421,2,1,0,0,0,0,0,0,0,0,0
wro4j,0,0,0,0,0,1,0,0,0,6,0,4,0.209,14,9,0,0,2,2,2,2,6,6,0
wro4j,0,0,0,0,0,1,0,0,0,3,1,2,0.007,14,9,0,0,2,2,2,2,6,6,0
wro4j,0,0,0,0,0,1,0,0,0,3,1,1,0.597,3,2,0,0,2,2,2,2,0,0,0
wro4j,0,0,0,0,0,1,0,0,0,10,1,3,0.134,14,3,0,0,0,0,0,0,0,4,0
wro4j,0,0,0,0,0,0,0,0,0,13,0,2,0.167,9,3,0,0,0,0,0,0,0,4,0
wro4j,0,1,0,0,0,1,0,0,0,23,11,15,0.126,25,3,0,0,0,0,0,0,0,4,1
wro4j,0,0,0,0,0,1,0,0,0,11,1,4,0.118,14,3,0,0,0,0,0,0,0,4,0
wro4j,0,0,0,0,0,1,0,0,0,23,1,10,0.902,27,10,0,0,2,2,2,2,2,6,0
wro4j,0,0,0,0,0,1,0,0,0,20,1,7,3.187,16,4,0,0,0,0,0,0,0,4,0
wro4j,0,1,0,0,0,1,0,0,0,15,4,8,0.411,18,3,0,0,2,2,2,2,5,5,0
wro4j,0,0,0,0,0,0,0,0,0,10,0,2,5.513,3,3,0,0,0,0,0,0,0,0,0
wro4j,0,0,0,0,0,0,0,0,0,11,0,3,0.005,8,3,0,0,0,0,0,0,0,4,0
wro4j,0,0,0,0,0,0,0,0,0,10,0,2,0.262,9,3,0,0,0,0,0,0,0,4,0
wro4j,0,1,0,0,0,1,0,0,0,19,3,9,0.119,16,3,0,0,0,0,0,0,0,5,1
wro4j,0,1,0,0,0,1,0,0,0,13,2,7,0.028,13,3,0,0,0,0,0,0,0,0,1
wro4j,0,0,0,0,0,1,0,0,0,20,1,8,0.482,14,4,0,0,0,0,0,0,0,4,0
wro4j,0,0,0,0,0,0,0,0,0,10,1,1,0.572,3,3,0,0,0,0,0,0,0,0,0
wro4j,0,0,0,0,0,0,0,0,0,11,0,3,0,9,3,0,0,0,0,0,0,0,0,0
wro4j,0,0,0,0,0,1,0,0,0,11,0,3,0.002,7,3,0,0,0,0,0,0,0,0,0
wro4j,0,0,0,1,0,1,0,0,0,6,0,3,0.897,4,2,0,0,0,0,0,0,0,0,0
wro4j,0,0,0,1,0,1,0,0,0,7,1,5,0.953,9,2,0,0,0,0,0,0,0,0,1
wro4j,0,0,0,1,0,1,0,0,0,8,1,6,0.026,8,2,0,0,0,0,0,0,0,2,3
wro4j,0,0,0,0,0,0,0,0,0,4,1,7,0.005,11,5,0,0,0,0,0,0,0,7,0
wro4j,0,0,0,1,0,1,1,1,0,7,1,7,0.25,27,15,0,0,2,2,2,2,6,5,0
wro4j,0,0,0,1,0,1,1,1,0,7,1,7,0.365,19,11,0,0,2,2,2,2,0,4,0
wro4j,0,0,0,1,0,1,0,0,0,5,0,9,0,12,5,0,0,0,0,0,0,0,7,0
wro4j,0,1,0,0,0,1,0,0,0,21,2,9,0.034,20,11,0,0,2,2,2,2,0,0,0
wro4j,0,0,0,0,0,1,0,0,0,6,0,4,2.45,22,15,0,0,2,2,2,2,0,5,0
wro4j,0,0,0,1,0,1,1,1,0,6,1,5,0.073,23,15,0,0,2,2,2,2,6,5,0
wro4j,0,1,0,1,0,0,0,0,0,5,2,3,0.074,7,2,0,0,2,2,2,2,2,0,0
wro4j,0,0,0,0,0,0,0,0,0,3,1,1,0.036,4,2,0,0,2,2,2,2,2,0,0
wro4j,0,0,0,0,0,1,0,0,0,3,0,1,0.025,5,4,0,0,2,2,2,2,2,0,0
wro4j,0,0,0,0,0,1,0,0,0,6,0,7,0.021,13,5,0,0,2,2,2,2,2,6,7
wro4j,0,0,0,0,0,1,0,0,0,6,0,6,2.283,10,6,0,0,2,2,2,2,2,6,6
wro4j,0,0,0,0,0,1,0,0,0,22,1,17,10.481,43,19,0,0,2,2,2,2,2,8,2
wro4j,0,0,0,0,0,1,0,0,0,3,0,1,0.028,5,4,0,0,2,2,2,2,2,0,0
wro4j,0,0,0,0,0,1,0,0,0,6,0,6,0.01,13,5,0,0,2,2,2,2,2,0,6
wro4j,0,0,0,0,0,1,0,0,0,6,0,6,2.44,10,6,0,0,2,2,2,2,2,6,6
wro4j,0,0,0,0,0,1,0,0,0,3,0,1,0.008,5,4,0,0,2,2,2,2,0,0,0
wro4j,0,0,0,0,0,1,0,0,0,6,0,6,0.016,13,5,0,0,2,2,2,2,8,8,6
wro4j,0,0,0,0,0,1,0,0,0,6,0,6,2.219,10,6,0,0,2,2,2,2,8,8,6
wro4j,0,0,0,0,0,0,0,0,0,3,1,1,4.523,6,4,0,0,2,2,2,2,0,0,0
wro4j,0,0,0,0,0,0,0,0,0,3,1,1,1.405,7,4,0,0,2,2,2,2,0,1,0
wro4j,0,1,0,1,0,0,0,0,0,12,2,3,4.615,16,8,0,0,2,2,2,2,2,1,1
wro4j,0,0,0,1,0,0,1,0,0,6,0,4,4.695,14,4,0,0,0,0,0,0,0,7,1
wro4j,0,0,0,1,0,0,0,0,0,5,0,3,0.491,11,8,0,0,0,0,0,0,0,1,1
wro4j,0,0,0,1,0,0,0,0,0,5,0,3,0.739,11,8,0,0,0,0,0,0,0,4,1
wro4j,0,0,0,1,0,0,0,0,0,5,0,1,5.337,9,8,0,0,2,2,2,2,0,4,0
wro4j,0,0,0,1,0,0,0,0,0,5,0,3,0.234,10,4,0,0,0,0,0,0,0,7,0
wro4j,0,0,0,0,0,0,0,0,0,4,0,1,1.151,12,8,0,0,2,2,2,2,0,1,0
wro4j,0,0,0,1,0,0,0,0,0,5,0,3,0.486,11,8,0,0,0,0,0,0,0,1,1
wro4j,0,0,0,0,0,0,0,0,0,4,0,2,0.807,9,4,0,0,0,0,0,0,0,1,0
wro4j,0,0,0,0,0,0,0,0,0,4,0,2,0.293,9,4,0,0,0,0,0,0,0,1,0
wro4j,0,0,0,1,0,0,0,0,0,5,0,4,0.223,9,4,0,0,0,0,0,0,0,1,1
wro4j,0,0,0,0,0,0,0,0,0,5,0,0,1.792,7,4,0,0,2,2,2,2,2,1,0
wro4j,0,0,0,0,0,0,0,0,0,4,1,0,6.837,7,4,0,0,2,2,2,2,2,3,0
wro4j,0,0,0,0,0,0,0,0,0,8,1,1,2.269,8,4,0,0,2,2,2,2,2,3,0
wro4j,0,0,0,0,0,1,0,0,0,6,0,6,2.544,16,6,0,0,2,2,2,2,2,7,1
wro4j,0,0,0,0,0,1,0,0,0,5,0,4,2.178,14,8,0,0,2,2,2,2,2,7,0
wro4j,0,0,0,0,0,1,0,0,0,5,0,4,3.027,12,8,0,0,2,2,2,2,2,7,0
wro4j,0,0,0,0,0,1,0,0,0,5,0,4,2.187,14,6,0,0,2,2,2,2,2,7,0
wro4j,0,0,0,0,0,0,0,0,0,4,0,4,2.259,15,8,0,0,2,2,2,2,0,7,1
wro4j,0,0,0,0,0,1,0,0,0,4,0,4,1.937,13,6,0,0,2,2,2,2,0,7,1
wro4j,0,0,0,0,0,1,0,0,0,5,0,4,2.168,12,8,0,0,2,2,2,2,2,1,0
wro4j,0,0,0,0,0,1,0,0,0,5,0,4,3.885,12,8,0,0,2,2,2,2,2,1,0
wro4j,0,0,0,0,0,1,0,0,0,5,0,3,6.997,9,6,0,0,2,2,2,2,0,0,0
wro4j,0,0,0,0,0,1,0,0,0,4,0,4,2.067,13,6,0,0,2,2,2,2,0,7,1
wro4j,0,0,0,0,0,1,0,0,0,5,0,4,2.127,12,8,0,0,2,2,2,2,2,1,0
wro4j,0,0,0,0,0,1,0,0,0,5,0,2,1.843,12,6,0,0,2,2,2,2,4,4,0
wro4j,0,0,0,0,0,1,0,0,0,6,0,6,1.812,16,6,0,0,2,2,2,2,2,7,1
wro4j,0,0,0,0,0,1,0,0,0,5,0,3,1.914,12,6,0,0,2,2,2,2,2,1,0
wro4j,0,0,0,0,0,1,0,0,0,5,0,3,2.244,12,6,0,0,2,2,2,2,2,1,0
wro4j,0,0,0,0,0,1,0,0,0,4,0,2,1.744,13,6,0,0,2,2,2,2,0,7,0
wro4j,0,0,0,0,0,0,0,0,0,4,0,1,2.085,15,8,0,0,2,2,2,2,0,7,0
wro4j,0,0,0,0,0,1,0,0,0,6,0,4,1.789,16,6,0,0,2,2,2,2,2,7,0
wro4j,0,0,0,0,0,0,0,0,0,4,0,1,2.136,15,8,0,0,2,2,2,2,0,7,0
wro4j,0,0,0,0,0,1,0,0,0,5,0,2,7.504,9,8,0,0,2,2,2,2,0,4,0
wro4j,0,0,0,0,0,0,0,0,0,3,0,3,0.006,8,2,0,0,2,2,2,2,4,4,2
wro4j,0,0,0,0,0,0,0,0,0,4,1,3,0,8,2,0,0,0,0,0,0,0,7,1
wro4j,0,0,0,0,0,0,0,0,0,5,1,3,0,9,2,0,0,0,0,0,0,0,7,1
wro4j,0,0,0,0,0,0,0,0,0,4,1,3,0,8,2,0,0,0,0,0,0,0,0,1
wro4j,0,0,0,0,0,0,0,0,0,4,1,1,0.001,9,2,0,0,0,0,0,0,0,7,0
wro4j,0,0,0,0,0,0,0,0,0,4,1,4,0.058,9,2,0,0,0,0,0,0,0,0,1
wro4j,0,0,0,0,0,0,0,0,0,5,1,2,0,8,2,0,0,0,0,0,0,0,0,0
wro4j,0,0,0,0,0,0,0,0,0,3,1,1,0.003,7,2,0,0,0,0,0,0,0,0,0
wro4j,0,1,0,0,0,0,0,0,0,6,2,4,0.001,6,2,0,0,2,2,2,2,2,0,0
wro4j,0,1,0,0,0,0,0,0,0,8,2,4,0.004,7,2,0,0,2,2,2,2,2,0,0
wro4j,0,0,0,0,0,0,0,0,0,3,1,1,0.022,3,2,0,0,0,0,0,0,0,0,0
wro4j,0,0,0,0,0,0,0,0,0,3,1,1,0.073,3,2,0,0,0,0,0,0,0,0,0
wro4j,0,0,0,0,0,0,0,0,0,3,1,1,0.001,3,2,0,0,0,0,0,0,0,0,0
wro4j,0,0,0,0,0,0,0,0,0,3,1,1,0.014,3,2,0,0,0,0,0,0,0,0,0
wro4j,0,0,0,0,0,0,0,0,0,5,1,3,0.005,5,2,0,0,2,2,2,2,2,0,0
wro4j,0,0,0,0,0,0,0,0,0,4,1,1,0.01,8,2,0,0,0,0,0,0,0,7,1
wro4j,0,0,0,0,0,0,0,0,0,4,1,3,0.001,6,2,0,0,0,0,0,0,0,0,1
wro4j,0,0,0,0,0,0,0,0,0,4,1,3,0.005,8,2,0,0,0,0,0,0,0,7,1
wro4j,0,0,0,0,0,0,0,0,0,4,1,3,0.001,8,2,0,0,0,0,0,0,0,7,1
wro4j,1,0,0,0,0,0,0,0,0,3,1,0,0.092,15,2,0,0,0,0,0,0,0,0,0
wro4j,1,0,0,0,0,0,0,0,0,4,1,1,27.419,3,2,0,0,0,0,0,0,0,0,0
wro4j,1,0,0,0,0,0,0,0,0,4,1,1,0.489,16,2,0,0,0,0,0,0,0,0,0
wro4j,0,0,0,0,0,0,0,0,0,3,1,1,0,4,2,0,0,0,0,0,0,0,0,0
wro4j,0,0,0,0,0,0,0,0,0,3,1,1,0.001,3,2,0,0,0,0,0,0,0,0,0
wro4j,0,0,0,0,0,0,0,0,0,4,0,0,0.001,2,2,0,0,0,0,0,0,0,0,0
wro4j,0,0,0,1,0,0,0,0,0,11,0,3,0.002,5,4,0,0,0,0,0,0,0,0,0
wro4j,0,0,0,0,0,0,0,0,0,10,0,3,0.003,11,4,0,0,2,2,2,2,2,7,1
wro4j,0,0,0,1,0,0,0,0,0,12,1,5,0.004,7,4,0,0,0,0,0,0,0,5,0
wro4j,0,0,0,1,0,0,0,0,0,13,0,5,1.969,9,4,0,0,0,0,0,0,0,4,4
wro4j,0,0,0,0,0,1,0,0,0,19,0,4,2.776,13,10,0,0,0,0,0,0,0,5,0
wro4j,0,0,0,0,0,1,0,0,0,3,0,1,0.595,6,5,0,0,0,0,0,0,0,0,0
wro4j,0,0,0,0,0,1,1,0,1,8,0,5,8.695,13,9,0,0,2,2,2,2,0,0,0
wro4j,1,0,0,0,0,1,0,0,0,13,0,3,35.693,13,8,0,0,2,2,2,0,0,0,0
wro4j,0,0,0,0,0,1,0,0,0,3,0,1,0.584,7,6,0,0,2,2,2,2,0,0,0
wro4j,0,0,0,0,0,1,0,0,0,4,0,8,7.687,23,10,0,0,0,0,0,0,0,5,1
wro4j,0,0,0,0,0,1,0,0,0,3,0,4,0.05,14,5,0,0,2,2,2,2,2,7,0
wro4j,0,0,0,0,0,1,1,0,1,14,0,8,2.312,22,9,0,0,0,0,0,0,0,4,1
wro4j,0,0,0,0,0,1,1,0,1,14,0,5,7.044,15,9,0,0,2,2,2,2,0,5,0
wro4j,0,0,0,0,0,1,1,0,1,8,0,4,1.48,5,1,0,0,0,0,0,0,0,5,0
wro4j,0,0,0,1,0,0,0,0,0,6,0,4,0.716,17,8,0,0,2,2,2,2,2,7,1
wro4j,0,0,0,0,0,0,0,0,0,21,0,3,2.357,16,10,0,0,2,2,2,2,2,7,1
wro4j,0,0,0,1,0,0,0,0,0,11,0,3,5.115,15,13,0,0,2,2,2,2,2,5,0
wro4j,0,0,0,0,0,0,0,0,0,15,0,4,0.473,18,13,0,0,2,2,2,2,2,1,2
wro4j,0,0,0,0,0,1,0,0,0,3,0,2,0.062,14,5,0,0,2,2,2,2,2,7,0
wro4j,0,0,0,0,0,1,1,1,1,8,0,5,2.38,22,12,0,0,2,2,2,2,2,7,2
wro4j,0,0,0,0,0,1,0,0,0,3,0,1,0.695,3,2,0,0,0,0,0,0,0,0,0
wro4j,0,0,0,0,0,1,1,1,1,9,0,5,1.471,18,2,0,0,0,0,0,0,0,3,0
wro4j,0,0,0,0,0,1,0,0,0,15,0,7,6.396,22,10,0,0,0,0,0,0,0,4,0
wro4j,0,0,0,0,0,1,0,0,0,3,0,1,0.951,8,6,0,0,0,0,0,0,0,0,0
wro4j,0,0,0,0,0,1,1,0,1,7,0,7,2.476,22,9,0,0,0,0,0,0,0,4,0
wro4j,0,0,0,0,0,1,0,0,0,6,1,6,6.793,22,9,0,0,2,2,2,2,0,4,0
wro4j,0,0,0,0,0,1,0,0,0,16,0,7,14.571,26,11,0,0,2,2,2,2,5,6,0
wro4j,0,0,0,0,0,1,0,0,0,3,0,1,0.9,8,6,0,0,2,2,2,2,0,0,0
wro4j,0,0,0,0,0,1,1,0,1,8,0,7,9.314,26,10,0,0,2,2,2,2,5,6,0
wro4j,0,1,0,0,0,1,0,0,0,8,2,8,14.575,27,10,0,0,2,2,2,2,5,6,0
wro4j,0,0,0,0,0,1,0,0,0,14,1,6,0.039,12,4,0,0,2,2,2,2,2,0,0
wro4j,0,0,0,0,0,1,0,0,0,11,0,5,0.283,10,4,0,0,0,0,0,0,0,0,0
wro4j,0,0,0,0,0,1,1,1,0,17,1,4,0.104,9,4,0,0,2,2,2,2,2,0,2
wro4j,0,0,0,0,0,1,0,0,0,12,1,6,0.036,13,4,0,0,2,2,2,2,2,0,0
wro4j,0,0,0,0,0,1,0,0,0,3,0,2,0.022,4,3,0,0,0,0,0,0,0,0,0
wro4j,0,0,0,0,0,1,1,0,1,9,0,6,3.857,10,3,0,0,0,0,0,0,0,0,0
wro4j,0,0,0,0,0,1,1,0,1,9,0,7,10.925,11,3,0,0,0,0,0,0,0,0,1
wro4j,0,0,0,0,0,1,1,0,1,9,0,6,0.575,11,3,0,0,0,0,0,0,0,0,0
wro4j,0,0,0,0,0,1,0,0,0,16,0,7,6.699,24,11,0,0,2,2,2,2,0,4,0
wro4j,0,0,0,0,0,1,0,0,0,3,0,1,0.832,8,6,0,0,0,0,0,0,0,0,0
wro4j,0,0,0,0,0,1,1,0,1,8,0,7,2.734,24,10,0,0,2,2,2,2,0,7,0
wro4j,0,0,0,0,0,1,0,0,0,7,1,7,7.161,24,10,0,0,2,2,2,2,0,4,0
wro4j,0,0,0,0,0,1,0,0,0,15,0,5,6.352,18,10,0,0,2,2,2,2,2,4,0
wro4j,0,0,0,0,0,1,0,0,0,3,0,1,0.905,8,6,0,0,0,0,0,0,0,0,0
wro4j,0,0,0,0,0,1,1,0,1,7,0,5,2.093,17,9,0,0,2,2,2,2,2,4,0
wro4j,0,0,0,0,0,1,0,0,0,6,1,5,6.686,17,9,0,0,2,2,2,2,2,3,0
wro4j,0,0,0,0,0,1,0,0,0,20,0,5,41.323,24,13,0,0,2,2,2,2,2,7,0
wro4j,0,0,0,0,0,1,0,0,0,5,0,2,6.972,16,12,0,0,2,2,2,2,2,4,0
wro4j,0,0,0,0,0,0,0,0,0,15,0,5,2.317,22,15,0,0,2,2,2,2,2,5,1
wro4j,0,0,0,0,0,1,0,0,0,3,0,2,0.05,17,7,0,0,2,2,2,2,2,7,0
wro4j,0,0,0,0,0,0,1,0,1,8,0,3,10.872,24,14,0,0,2,2,2,2,2,7,0
wro4j,0,0,0,0,1,1,0,0,0,14,1,8,2.869,29,15,0,0,2,2,2,2,2,7,1
wro4j,0,0,0,0,0,1,0,0,0,16,0,6,38.379,24,13,0,0,2,2,2,2,2,7,1
wro4j,0,0,0,0,0,0,0,0,0,14,0,2,7.252,18,15,0,0,2,2,2,2,2,4,0
wro4j,0,0,0,0,0,0,1,0,1,8,0,4,9.281,25,14,0,0,2,2,2,2,2,7,0
wro4j,0,0,0,0,0,1,0,0,0,11,0,3,1.693,23,15,0,0,2,2,2,2,2,7,0
wro4j,0,0,0,0,0,1,0,0,0,4,0,4,24.41,12,9,0,0,0,0,0,0,0,1,0
wro4j,0,0,0,0,0,1,0,0,0,3,0,4,0.056,14,5,0,0,2,2,2,2,2,7,2
wro4j,0,0,0,0,0,1,1,0,1,9,0,5,3.472,14,8,0,0,0,0,0,0,0,3,0
wro4j,0,0,0,0,0,1,1,0,1,9,0,5,9.284,14,8,0,0,2,2,2,2,0,3,0
wro4j,0,0,0,0,0,1,0,0,0,15,0,4,0.128,7,3,0,0,2,2,2,2,2,5,0
wro4j,0,0,0,0,0,1,1,0,1,9,0,7,5.275,16,9,0,0,2,2,2,2,6,6,0
wro4j,0,0,0,0,0,1,1,0,1,24,1,6,2.003,8,3,0,0,2,2,2,2,2,5,4
wro4j,0,0,0,0,0,1,0,0,0,3,0,1,0.001,4,2,0,0,2,2,2,2,2,0,0
wro4j,0,0,0,0,0,1,1,0,1,9,0,6,2.616,7,2,0,0,2,2,2,2,2,5,4
wro4j,0,0,0,0,0,1,0,0,0,19,0,4,4.871,13,9,0,0,0,0,0,0,0,5,0
wro4j,0,0,0,0,0,1,0,0,0,3,0,1,0.696,6,5,0,0,0,0,0,0,0,0,0
wro4j,0,0,0,0,0,1,1,0,1,7,0,3,8.176,9,7,0,0,0,0,0,0,0,2,0
wro4j,0,0,0,0,0,0,0,0,0,3,0,1,0.001,3,2,0,0,0,0,0,0,0,0,1
wro4j,0,0,0,0,0,0,0,0,0,4,0,1,0.005,3,3,0,0,0,0,0,0,0,0,0
wro4j,0,0,0,0,0,0,0,0,0,4,0,1,0.009,3,3,0,0,0,0,0,0,0,0,0
wro4j,0,0,0,0,0,0,0,0,0,3,0,1,0.003,3,2,0,0,0,0,0,0,0,0,1
wro4j,0,0,0,0,0,0,0,0,0,4,0,1,0.013,9,3,0,0,0,0,0,0,0,8,0
wro4j,0,0,0,0,0,0,0,0,0,4,0,1,0.006,9,3,0,0,0,0,0,0,0,8,0
wro4j,0,0,0,0,0,1,0,0,0,7,0,5,0.022,14,3,0,0,0,0,0,0,0,8,3
wro4j,0,0,0,0,0,1,0,0,0,7,0,5,0.018,14,3,0,0,0,0,0,0,0,8,3
wro4j,0,0,0,0,0,1,0,0,0,7,0,4,0.015,14,3,0,0,0,0,0,0,0,8,2
wro4j,0,0,0,0,0,1,0,0,0,7,0,4,2.039,7,3,0,0,0,0,0,0,0,0,2
wro4j,0,0,0,0,0,1,0,0,0,15,0,8,2.93,15,9,0,0,2,2,2,2,2,6,3
wro4j,0,0,0,0,0,1,0,0,0,3,0,6,0.019,14,5,0,0,2,2,2,2,2,7,1
wro4j,0,0,0,0,0,1,1,0,1,8,0,8,10.559,14,8,0,0,2,2,2,2,2,6,3
wro4j,0,0,0,0,1,1,1,0,1,26,1,9,5.391,22,11,0,0,2,2,2,2,2,6,0
wro4j,0,0,0,0,0,1,1,0,1,8,0,8,3.36,14,8,0,0,2,2,2,2,2,6,3
wro4j,0,0,0,0,0,1,0,0,0,6,0,7,6.529,15,4,0,0,0,0,0,0,0,4,0
wro4j,0,0,0,0,0,1,0,0,0,8,0,7,4.868,14,4,0,0,0,0,0,0,0,4,0
wro4j,0,0,0,0,0,1,0,0,0,20,0,9,6.159,22,10,0,0,0,0,0,0,0,4,0
wro4j,0,0,0,0,0,0,0,0,1,29,1,3,10.886,17,11,0,0,2,2,2,2,2,0,1
wro4j,0,0,0,0,0,1,0,0,0,3,0,5,0.041,14,5,0,0,2,2,2,2,2,7,1
wro4j,0,0,0,0,0,1,1,0,1,9,0,14,5.18,29,14,0,0,2,2,2,2,6,6,1
wro4j,0,0,0,0,0,1,1,0,1,9,0,10,21.25,21,8,0,0,2,2,2,2,0,4,0
wro4j,0,0,0,0,0,1,0,0,0,20,0,7,190.495,16,9,0,0,2,2,2,2,8,8,1
wro4j,0,0,0,0,0,1,1,0,1,23,1,9,117.118,18,8,0,0,2,2,2,2,8,8,1
wro4j,0,0,0,0,0,1,0,0,0,3,0,1,0.988,6,5,0,0,2,2,2,2,0,0,0
wro4j,0,0,0,0,0,1,1,0,1,8,0,7,361.429,11,7,0,0,2,2,2,2,8,8,1
wro4j,1,0,0,0,0,1,0,0,0,6,0,8,9.968,30,6,0,0,2,2,2,2,2,7,0
wro4j,1,0,0,0,0,1,0,0,0,16,0,9,4.573,22,7,0,0,2,2,2,2,0,9,1
wro4j,1,0,0,0,0,1,1,0,1,20,1,3,28.642,10,7,0,0,0,0,0,0,0,0,0
wro4j,1,0,0,0,0,0,0,0,0,14,1,9,0.453,22,6,0,0,2,2,2,2,0,0,1
wro4j,1,0,0,0,0,1,1,0,1,6,0,9,10.527,22,6,0,0,2,2,2,2,0,0,1
wro4j,0,0,0,0,0,1,0,0,0,19,0,4,0.629,22,9,0,0,0,0,0,0,0,4,0
wro4j,0,0,0,0,0,1,0,0,0,3,0,1,0.828,6,5,0,0,0,0,0,0,0,0,0
wro4j,0,0,0,0,0,1,1,0,1,9,0,5,3.554,12,7,0,0,0,0,0,0,0,1,0
wro4j,0,0,0,0,0,1,0,0,0,8,0,2,3.628,14,7,0,0,2,2,2,2,2,0,0
wro4j,0,0,0,0,0,1,0,0,0,8,0,3,0.506,10,5,0,0,0,0,0,0,0,1,1
wro4j,0,0,0,0,0,1,0,0,0,8,0,3,0.686,8,5,0,0,0,0,0,0,0,5,1
wro4j,0,0,0,0,0,1,0,0,0,21,0,6,2.055,16,11,0,0,0,0,0,0,0,5,1
wro4j,0,0,0,0,0,1,0,0,0,3,0,1,0.176,7,6,0,0,0,0,0,0,0,0,0
wro4j,0,0,0,0,0,1,1,0,1,8,0,6,10.188,13,9,0,0,0,0,0,0,0,5,1
wro4j,0,0,0,0,0,1,1,0,1,13,0,8,2.856,16,10,0,0,0,0,0,0,0,5,1
wro4j,0,0,0,0,0,1,0,0,0,14,0,10,0.086,73,4,0,0,2,2,2,2,2,6,0
wro4j,0,0,0,0,0,1,1,0,1,8,0,6,1.451,109,3,0,0,2,2,2,2,2,6,0
wro4j,0,0,0,0,0,1,0,0,0,3,0,3,0.038,64,3,0,0,2,2,2,2,2,6,0
wro4j,0,0,0,0,0,1,0,0,0,3,0,1,0.562,3,2,0,0,2,2,2,2,2,0,0
wro4j,0,0,0,0,0,0,0,0,0,3,0,0,0.001,2,2,0,0,0,0,0,0,0,0,0
wro4j,0,0,0,0,0,0,0,0,0,3,0,1,0.004,7,4,0,0,0,0,0,0,0,0,0
wro4j,0,0,0,0,0,0,1,0,0,5,0,6,0.088,21,10,0,0,0,0,0,0,0,8,2
wro4j,0,0,0,0,0,0,1,0,0,5,0,6,0.096,21,10,0,0,0,0,0,0,0,8,2
wro4j,0,0,0,0,0,1,1,0,0,5,0,9,1.855,27,11,0,0,2,2,2,2,2,8,4
wro4j,0,0,0,0,0,0,1,0,0,5,0,6,0.106,21,10,0,0,0,0,0,0,0,8,2
wro4j,0,0,0,0,0,1,0,0,0,7,1,5,0.009,16,6,0,0,2,2,2,2,2,8,0
wro4j,0,1,0,0,0,1,0,0,0,6,4,4,0.019,6,2,0,0,2,2,2,2,6,0,0
wro4j,0,0,0,0,0,0,0,0,0,3,0,0,0.012,3,2,0,0,0,0,0,0,0,0,0
wro4j,0,1,0,1,0,0,0,0,0,5,2,3,0.003,5,2,0,0,2,2,2,2,2,0,0
wro4j,0,0,0,1,0,0,0,0,0,4,1,2,0.017,6,2,0,0,2,2,2,2,2,0,0
wro4j,0,0,0,1,0,0,0,0,0,4,1,2,0.001,5,2,0,0,2,2,2,2,2,0,0
wro4j,0,0,0,0,0,0,0,0,0,3,1,1,0.007,3,2,0,0,2,2,2,2,2,0,0
wro4j,0,0,0,0,0,0,0,0,0,3,1,1,0.003,3,2,0,0,2,2,2,2,2,0,0
wro4j,0,0,0,1,0,0,0,0,0,4,1,2,0.004,5,2,0,0,2,2,2,2,2,0,0
wro4j,0,0,0,1,0,0,0,0,0,7,1,5,0.084,7,2,0,0,2,2,2,2,2,0,0
wro4j,0,0,0,0,0,0,0,0,0,3,1,1,0.513,10,7,0,0,2,2,2,2,5,5,0
wro4j,0,0,0,0,0,0,0,0,0,3,1,1,0.024,72,38,0,0,2,2,2,2,2,6,0
wro4j,0,0,0,0,0,0,0,0,0,3,1,1,0.052,71,38,0,0,2,2,2,2,2,6,0
wro4j,0,0,0,0,0,0,0,0,0,3,1,1,0.018,10,7,0,0,2,2,2,2,5,5,0
wro4j,0,0,0,0,0,0,0,0,0,5,1,2,0.799,68,34,0,0,2,2,2,2,2,6,0
wro4j,0,0,0,0,0,0,0,0,0,5,1,2,0.001,68,34,0,0,2,2,2,2,2,6,0
wro4j,0,0,0,0,0,0,0,0,0,4,1,1,0.001,67,34,0,0,2,2,2,2,2,5,0
wro4j,0,0,0,0,0,1,0,0,0,3,1,4,0.004,47,22,0,0,2,2,2,2,6,7,1
wro4j,0,0,0,0,0,1,0,0,0,6,0,4,0.762,31,25,0,0,2,2,2,2,6,7,1
wro4j,0,0,0,0,0,1,0,0,0,4,1,2,0.534,27,21,0,0,2,2,2,2,6,6,0
wro4j,0,0,0,0,0,0,0,0,0,4,1,2,1.8,44,37,1,1,2,2,2,2,6,6,0
wro4j,0,0,0,0,0,1,0,0,0,8,0,7,0.732,218,105,1,1,2,2,2,2,7,11,0
wro4j,0,0,0,0,0,1,0,0,0,3,0,1,0,7,4,0,0,2,2,2,2,0,0,0
wro4j,0,0,0,0,0,1,0,0,0,10,1,5,0.925,47,36,1,1,2,2,2,2,6,6,0
wro4j,0,0,0,0,0,0,0,0,0,4,1,3,0,56,34,1,1,2,2,2,2,2,6,3
wro4j,0,0,0,0,0,0,0,0,0,4,1,2,2.301,45,35,1,1,2,2,2,2,2,6,2
wro4j,0,0,0,0,0,0,0,0,0,5,0,2,0.12,68,37,1,1,2,2,4,4,4,8,2
wro4j,0,0,0,0,0,1,0,0,0,4,1,2,0.003,56,34,1,1,2,2,2,2,2,6,2
wro4j,0,0,0,0,0,1,0,0,0,4,1,2,2.17,45,35,1,1,2,2,2,2,2,6,2
wro4j,0,0,0,0,0,1,0,0,0,5,0,3,0.118,68,37,1,1,2,2,4,4,4,8,2
wro4j,0,0,0,0,1,1,0,0,0,9,0,28,0.065,215,100,1,1,2,2,2,2,7,10,8
wro4j,0,0,0,0,1,0,0,0,0,4,1,26,0.028,205,93,1,1,2,2,2,2,9,10,3
wro4j,0,0,0,0,1,1,0,0,0,3,1,25,0.034,204,93,1,1,2,2,2,2,9,8,1
wro4j,0,0,0,0,1,1,0,0,0,9,0,32,0.061,217,98,1,1,2,2,2,4,7,8,9
wro4j,0,0,0,0,0,0,0,0,0,4,1,18,2.869,188,100,1,1,2,2,2,2,9,10,2
wro4j,0,0,0,0,1,1,0,0,0,14,1,27,0.026,215,102,1,1,2,2,2,2,7,9,2
wro4j,0,0,0,0,1,1,0,0,0,17,1,28,0.029,212,98,1,1,2,2,2,2,7,8,2
wro4j,0,0,0,0,1,1,0,0,0,17,0,37,0.022,222,98,1,1,2,2,2,4,7,8,13
wro4j,0,0,0,0,1,1,0,0,0,10,0,31,0.124,242,98,1,1,2,2,2,2,7,10,8
wro4j,0,0,0,0,1,1,0,0,0,10,0,31,0.028,216,98,1,1,2,2,2,2,7,8,8
wro4j,0,0,0,0,1,1,0,0,0,10,0,31,0.024,215,98,1,1,2,2,2,2,7,8,8
wro4j,0,0,0,0,1,1,0,0,0,12,0,27,0.024,215,102,1,1,2,2,2,2,7,9,2
wro4j,0,0,0,0,0,0,0,0,0,12,1,3,2.263,55,39,1,1,2,2,2,2,2,9,0
wro4j,0,0,0,0,0,0,0,0,0,4,1,5,0.01,62,37,1,1,2,2,2,2,2,9,0
wro4j,0,0,0,0,0,0,0,0,0,4,1,4,0.003,60,37,1,1,2,2,2,2,2,9,0
wro4j,0,0,0,0,0,0,0,0,0,11,0,6,0.008,68,39,1,1,2,2,2,2,2,9,3
wro4j,0,0,0,0,0,0,0,0,0,3,1,1,0.003,5,2,0,0,2,2,2,2,2,0,0
wro4j,0,0,0,0,0,0,0,0,0,3,1,1,0,5,2,0,0,2,2,2,2,2,0,0
wro4j,0,0,0,0,0,0,0,0,0,3,1,1,0.001,5,2,0,0,2,2,2,2,2,0,0
wro4j,0,0,0,0,0,0,0,0,0,3,1,1,0,5,2,0,0,2,2,2,2,2,0,0
wro4j,0,0,0,0,0,0,0,0,0,3,1,1,0.046,8,2,0,0,2,2,2,2,2,0,0
wro4j,0,0,0,0,0,0,0,0,0,3,1,1,0.492,24,2,0,0,2,2,2,2,2,0,0
wro4j,0,0,0,0,0,0,0,0,0,3,1,1,0.011,5,2,0,0,2,2,2,2,0,0,0
wro4j,0,0,0,0,0,0,0,0,0,3,1,1,0.005,5,2,0,0,2,2,2,2,2,0,0
wro4j,0,0,0,0,0,0,0,0,0,3,1,1,0.001,5,2,0,0,2,2,2,2,2,0,0
wro4j,0,0,0,0,0,0,0,0,0,3,1,1,0.001,4,2,0,0,0,0,0,0,0,0,0
wro4j,0,0,0,0,0,0,0,0,0,3,1,1,0.007,5,2,0,0,2,2,2,2,2,0,0
wro4j,0,0,0,0,0,0,0,0,0,3,1,1,0.001,8,2,0,0,2,2,2,2,2,0,0
wro4j,0,0,0,0,0,0,0,0,0,3,0,3,0.001,11,5,0,0,0,0,0,0,0,0,1
wro4j,0,0,0,0,0,0,0,0,0,3,0,3,0.006,11,5,0,0,0,0,0,0,0,0,1
wro4j,0,0,0,0,0,0,0,0,0,6,1,4,0.001,11,5,0,0,0,0,0,0,0,9,0
wro4j,0,0,0,0,0,0,0,0,0,20,1,6,0.05,18,8,0,0,0,0,0,0,0,9,0
wro4j,0,0,0,0,0,0,0,0,0,6,1,4,1.516,9,5,0,0,0,0,0,0,0,0,0
wro4j,0,1,0,1,0,1,0,0,0,11,3,3,0.004,11,7,0,0,2,2,2,0,0,0,0
wro4j,0,1,0,1,0,1,0,0,0,11,4,8,0.033,16,6,0,0,2,2,2,0,0,8,0
wro4j,0,0,0,1,0,0,0,0,0,4,1,2,0.009,5,3,0,0,0,0,0,0,0,0,0
wro4j,0,1,0,1,0,1,0,0,0,9,2,7,0.21,26,8,0,0,2,2,2,4,4,4,0
wro4j,0,1,0,0,0,1,0,0,0,12,2,6,1.774,18,5,0,0,0,0,0,0,0,8,0
wro4j,0,1,0,1,0,0,0,0,0,8,3,5,0.002,8,3,0,0,0,0,0,0,0,0,0
wro4j,0,0,0,0,0,0,0,0,0,3,0,4,0.007,8,2,0,0,0,0,0,0,0,5,3
wro4j,0,0,0,0,0,0,0,0,0,3,0,3,0.009,7,2,0,0,0,0,0,0,0,5,3
wro4j,0,0,0,0,0,0,0,0,0,3,0,3,0.029,7,2,0,0,0,0,0,0,0,5,3
wro4j,0,0,0,0,0,0,0,0,0,3,0,3,0.004,7,2,0,0,0,0,0,0,0,5,3
wro4j,0,0,0,0,0,0,0,0,0,3,0,3,0.007,7,2,0,0,0,0,0,0,0,5,3
wro4j,0,0,0,0,0,0,0,0,0,3,0,3,0.017,7,2,0,0,0,0,0,0,0,5,3
wro4j,0,0,0,0,0,0,0,0,0,3,0,2,0.002,6,3,0,0,0,0,0,0,0,5,3
wro4j,0,0,0,0,0,0,0,0,0,3,0,3,0.011,7,2,0,0,0,0,0,0,0,5,3
wro4j,0,0,0,0,0,0,0,0,0,4,0,1,0.005,6,3,0,0,0,0,0,0,0,5,0
wro4j,0,0,0,1,0,0,0,0,0,6,1,4,1.756,6,2,0,0,0,0,0,0,0,5,2
wro4j,0,0,0,0,0,0,0,0,0,4,0,2,0.012,5,2,0,0,0,0,0,0,0,5,2
wro4j,0,0,0,1,0,0,0,0,0,6,1,4,0.01,10,3,0,0,2,2,2,2,0,5,2
wro4j,0,0,0,0,1,1,0,0,0,8,1,11,0.033,60,34,0,0,2,2,2,2,6,7,2
wro4j,0,0,0,0,0,1,0,0,0,10,1,9,0.763,84,40,0,0,2,2,2,2,6,6,2
wro4j,0,0,0,0,0,0,0,0,0,3,0,1,0.005,7,3,0,0,0,0,0,0,0,5,0
wro4j,0,0,0,0,0,0,0,0,0,3,0,1,0.055,11,7,0,0,0,0,0,0,0,5,0
wro4j,0,0,0,0,0,0,0,0,0,3,0,1,0.005,8,4,0,0,0,0,0,0,0,5,0
wro4j,0,0,0,1,0,0,0,0,0,5,1,3,0.022,5,2,0,0,0,0,0,0,0,5,2
wro4j,0,0,0,0,0,0,0,0,0,4,0,27,0.037,288,137,1,1,4,5,5,5,9,11,2
wro4j,0,0,0,0,0,0,0,0,0,4,0,30,0.2,293,139,1,1,4,5,5,5,9,11,2
wro4j,0,0,0,0,0,0,0,0,0,6,0,1,1.715,58,31,0,0,2,2,2,2,6,6,0
wro4j,0,0,0,0,0,1,0,0,0,13,1,21,1.164,277,141,1,1,4,5,5,5,7,11,1
wro4j,0,0,0,0,0,1,0,0,0,13,1,34,0.063,323,137,1,1,4,5,5,5,7,11,3
wro4j,0,0,0,0,0,0,0,0,0,8,1,3,0.032,61,38,0,0,2,2,2,5,6,7,1
wro4j,0,0,0,0,0,1,0,0,0,12,1,33,0.073,323,137,1,1,4,5,5,5,7,11,3
wro4j,0,0,0,0,0,1,0,0,0,12,1,33,0.064,321,137,1,1,4,5,5,5,7,11,3
wro4j,0,0,0,0,1,1,0,0,0,12,1,37,0.071,330,142,1,1,4,5,5,5,7,13,5
wro4j,0,0,0,0,1,0,0,0,0,14,1,30,0.272,298,135,1,1,4,5,5,5,7,13,5
wro4j,0,0,0,0,0,1,0,0,0,16,1,11,2.981,85,40,0,0,2,2,2,2,6,8,0
wro4j,0,0,0,1,0,0,0,0,0,5,0,1,0.005,8,5,0,0,2,2,0,0,0,0,0
wro4j,0,0,0,0,0,0,0,0,0,3,0,0,1.822,5,4,0,0,0,0,0,0,0,0,0
wro4j,0,0,0,0,0,0,0,0,0,4,0,6,2.172,22,9,0,0,2,2,2,2,8,8,5
wro4j,0,0,0,0,0,0,0,0,0,21,1,8,0.049,33,12,0,0,2,2,2,2,8,8,6
wro4j,0,1,0,0,0,1,0,0,0,14,2,8,2.172,17,7,0,0,0,0,0,0,0,7,8
wro4j,0,0,0,0,0,1,0,0,0,16,1,10,0.011,22,6,0,0,2,2,4,4,4,7,10
wro4j,0,0,0,1,0,0,0,0,0,28,0,28,0.116,239,111,1,1,2,2,2,4,7,11,2
wro4j,0,0,0,0,0,0,0,0,0,6,0,27,0.013,247,106,1,1,2,2,2,2,7,11,4
wro4j,0,0,0,0,0,0,0,0,0,3,0,18,2.824,198,106,1,1,2,2,2,2,7,11,0
wro4j,0,0,0,0,0,1,0,0,0,17,0,32,0.062,219,121,1,1,2,5,5,5,7,9,6
wro4j,0,0,0,0,0,0,0,0,0,6,0,28,0.048,219,121,1,1,2,5,5,5,7,9,4
wro4j,0,0,0,0,0,0,0,0,0,3,0,23,0.027,221,98,1,1,2,2,2,2,7,11,2
wro4j,0,1,1,0,0,1,0,0,0,48,2,31,0.051,281,117,1,1,2,2,2,2,7,12,2
wro4j,0,0,0,0,0,0,0,0,0,6,0,28,0.155,250,129,1,1,2,5,5,5,7,9,3
wro4j,0,0,0,0,0,1,0,0,0,17,0,30,0.705,256,122,1,1,2,2,2,5,7,11,6
wro4j,0,0,0,0,0,0,0,0,0,5,0,28,0.134,251,129,1,1,2,5,5,5,7,9,3
wro4j,0,0,0,0,0,0,0,0,0,6,0,24,0.018,223,99,1,1,2,2,2,2,7,11,2
wro4j,0,0,0,1,0,0,0,0,0,5,0,23,0.015,221,98,1,1,2,2,2,2,7,11,2
wro4j,0,0,0,1,1,0,0,0,0,14,0,31,1.032,340,158,1,1,4,5,5,5,7,11,3
wro4j,0,0,0,0,0,0,0,0,0,10,0,25,0.064,223,101,1,1,2,2,2,2,7,11,2
wro4j,0,0,0,0,0,0,0,0,0,7,0,3,3.988,20,10,0,0,2,2,2,2,2,6,6
wro4j,0,0,0,1,0,0,0,0,0,16,0,24,0,225,101,1,1,2,2,2,2,7,11,2
wro4j,0,0,0,1,1,0,0,0,0,7,0,36,0.106,350,155,1,1,4,5,5,5,7,11,3
wro4j,0,0,0,1,1,0,0,0,0,14,0,36,0.136,350,155,1,1,4,5,5,5,7,11,3
wro4j,0,0,0,1,0,0,0,0,0,6,0,26,0.057,241,111,1,1,2,2,2,5,7,11,2
wro4j,0,0,0,1,0,0,0,0,0,15,1,26,0.061,199,113,1,1,2,5,5,5,7,9,2
wro4j,0,0,0,1,0,0,0,0,0,7,1,26,0.029,241,111,1,1,2,2,2,5,7,11,2
wro4j,0,0,0,1,0,0,0,0,0,18,1,43,0.171,266,148,1,1,5,5,5,5,7,11,3
wro4j,0,0,0,0,0,0,0,0,0,12,0,26,0.065,217,120,1,1,2,5,5,5,7,9,2
wro4j,0,0,0,0,0,0,0,0,0,12,0,26,0.055,218,120,1,1,2,5,5,5,7,9,2
wro4j,0,0,0,1,0,0,0,0,0,22,0,25,0.068,215,118,1,1,2,5,5,5,7,9,2
wro4j,0,0,0,1,0,0,0,0,0,10,1,26,0.045,241,111,1,1,2,2,2,5,7,11,2
wro4j,0,1,0,1,0,0,0,0,0,9,2,26,0.043,244,111,1,1,2,2,2,4,7,11,2
wro4j,0,1,0,1,0,0,0,0,0,7,2,26,0.031,241,111,1,1,2,2,2,5,7,11,2
wro4j,0,0,0,1,0,0,0,0,0,9,0,30,0.071,282,145,1,1,4,5,5,5,7,9,2
wro4j,0,1,0,1,0,0,0,0,0,16,4,26,0.055,244,111,1,1,2,2,2,4,7,11,2
wro4j,0,0,0,0,0,0,0,0,0,9,0,25,0.031,239,105,1,1,2,2,2,2,7,11,2
wro4j,0,0,0,0,0,0,0,0,0,7,0,28,0.062,221,121,1,1,2,5,5,5,7,11,3
wro4j,0,0,0,0,0,0,0,0,0,6,0,27,0.026,242,109,1,1,2,2,2,5,7,11,3
wro4j,0,0,0,0,0,0,0,0,0,5,0,25,0.05,241,111,1,1,2,2,2,5,7,11,2
wro4j,0,0,0,0,0,0,0,0,0,4,0,27,0.068,253,118,1,1,2,2,2,5,7,11,3
wro4j,0,0,0,1,1,0,0,0,0,18,1,27,0.048,254,117,1,1,2,2,2,5,7,11,2
wro4j,0,0,0,1,1,0,0,0,0,17,1,27,0.05,252,116,1,1,2,2,2,5,7,11,2
wro4j,0,0,0,0,0,0,0,0,0,7,0,30,0.034,242,121,1,1,2,5,5,5,7,11,3
wro4j,0,0,0,0,0,0,0,0,0,6,0,26,0.043,241,111,1,1,2,2,2,5,7,11,2
wro4j,0,0,0,0,0,0,0,0,0,5,0,26,0.028,241,111,1,1,2,2,2,5,7,11,2
wro4j,0,0,0,0,0,0,0,0,0,6,0,27,0.058,243,111,1,1,2,2,2,5,7,11,2
wro4j,0,0,0,0,0,0,0,0,0,3,0,6,0.005,13,5,0,0,0,0,0,0,0,4,17
wro4j,0,0,0,0,0,0,0,0,0,3,0,6,0.009,13,5,0,0,0,0,0,0,0,4,17
wro4j,0,0,0,1,0,1,0,0,0,4,1,7,0.023,29,17,0,0,2,2,2,2,2,5,3
wro4j,0,0,0,1,0,0,0,0,0,4,1,6,0.005,27,16,0,0,2,2,2,2,0,5,3
wro4j,0,0,0,1,0,1,0,0,0,4,1,7,0.006,28,17,0,0,2,2,2,2,2,5,3
wro4j,0,0,0,0,0,0,0,0,0,4,0,6,0.031,25,16,0,0,2,2,2,2,0,5,3
wro4j,0,0,0,1,0,0,0,0,0,5,0,9,1.834,39,17,0,0,2,2,2,2,0,5,4
wro4j,0,0,0,1,0,0,0,0,0,11,1,9,0.021,22,15,0,0,2,2,2,2,0,5,3
wro4j,0,0,0,1,0,1,0,0,0,11,1,10,0.018,29,16,0,0,2,2,2,2,0,5,3
wro4j,0,0,0,1,0,0,0,0,0,6,1,8,0.011,21,14,0,0,2,2,2,2,0,5,3
wro4j,0,0,0,1,0,1,0,0,0,6,1,9,0.009,28,15,0,0,2,2,2,2,2,5,3
wro4j,0,0,0,0,0,1,0,0,0,31,0,23,1.819,48,11,0,0,2,2,2,0,0,4,10
wro4j,0,0,0,0,0,0,0,0,0,3,0,0,0.001,6,4,0,0,2,2,0,0,0,0,0
wro4j,0,0,0,1,1,1,0,0,0,34,0,5,0.179,47,13,0,0,2,2,2,2,8,8,0
wro4j,0,0,0,1,0,1,0,0,0,37,0,32,2.162,38,6,0,0,2,2,2,4,4,6,29
wro4j,0,0,0,0,0,1,0,0,0,47,0,45,1.179,281,126,1,1,4,4,4,4,7,10,28
wro4j,0,0,0,1,0,0,0,0,0,31,0,2,0,11,5,0,0,2,2,2,2,0,4,0
wro4j,0,0,0,1,1,1,0,0,0,21,0,14,0.057,36,6,0,0,2,2,2,2,0,4,0
wro4j,0,0,0,1,0,0,0,0,0,4,0,2,0.462,21,6,0,0,0,0,0,0,0,1,0
wro4j,0,0,0,0,0,1,0,0,0,6,1,9,0.707,44,26,0,0,2,2,2,2,5,5,0
wro4j,0,0,0,0,0,0,0,0,0,10,1,1,0.007,14,8,0,0,2,2,0,0,0,0,0
wro4j,0,1,0,0,1,1,0,0,0,6,2,19,0.018,201,88,1,1,2,2,2,2,7,8,1
wro4j,0,0,0,0,1,1,0,0,0,5,0,14,0.059,190,81,1,1,2,2,2,2,7,7,1
wro4j,0,0,0,0,1,1,0,0,0,5,0,13,0.103,185,81,1,1,2,2,2,2,7,7,1
wro4j,0,0,0,1,1,1,0,0,0,11,0,22,0.037,199,86,1,1,2,2,4,4,7,7,5
wro4j,0,0,0,1,1,1,0,0,0,11,0,24,0.035,199,86,1,1,2,2,4,4,7,8,5
wro4j,0,0,0,1,0,1,0,0,0,17,0,24,2.912,215,104,1,1,2,2,2,4,7,10,4
wro4j,0,0,0,0,1,0,0,0,0,6,0,20,0.021,215,95,1,1,2,2,2,2,7,9,4
wro4j,0,0,0,0,1,0,0,0,0,6,0,22,0.018,220,97,1,1,2,2,2,2,7,9,4
wro4j,0,0,0,0,1,0,0,0,0,6,0,21,0.025,220,98,1,1,2,2,2,2,7,9,4
wro4j,0,0,0,0,1,0,0,0,0,9,0,21,0.021,217,95,1,1,2,2,2,2,7,10,4
wro4j,0,0,0,0,1,0,0,0,0,7,0,22,0.017,220,97,1,1,2,2,2,2,7,9,8
wro4j,0,0,0,0,1,0,0,0,0,8,0,33,0.027,252,119,1,1,2,2,2,2,9,10,4
wro4j,0,0,0,0,1,0,0,0,0,8,0,30,0.027,252,117,1,1,2,2,2,2,9,9,4
wro4j,0,0,0,0,0,0,0,0,0,8,0,14,0.011,108,56,0,0,2,2,2,2,6,7,2
wro4j,0,1,0,0,1,0,0,0,0,26,2,33,0.031,250,119,1,1,2,2,2,2,9,9,4
wro4j,0,0,0,0,1,0,0,0,0,5,1,18,0.028,200,94,1,1,2,2,2,2,7,9,4
wro4j,0,0,0,0,1,0,0,0,0,5,1,19,0.019,204,94,1,1,2,2,2,2,7,9,4
wro4j,0,0,0,0,1,0,0,0,0,7,1,19,0.009,204,94,1,1,2,2,2,2,7,9,4
wro4j,0,1,0,0,1,0,0,0,0,9,2,18,0.032,200,94,1,1,2,2,2,2,7,9,4
wro4j,0,1,0,0,1,0,0,0,0,12,3,18,0.017,200,94,1,1,2,2,2,2,7,9,4
wro4j,0,0,0,0,1,0,0,0,0,9,1,19,0.014,216,94,1,1,2,2,2,2,7,9,4
wro4j,0,0,0,0,0,0,0,0,0,7,1,13,2.425,174,99,1,1,2,2,2,2,6,10,0
wro4j,0,0,0,0,1,0,0,0,0,8,1,19,0.036,218,96,1,1,2,2,2,2,7,9,4
wro4j,0,0,0,0,1,0,0,0,0,7,1,21,0.025,222,97,1,1,2,2,2,2,7,9,4
wro4j,0,0,0,0,1,0,0,0,0,8,1,19,0.021,216,94,1,1,2,2,2,2,7,9,4
wro4j,0,0,0,0,1,1,0,0,0,9,0,34,0.024,261,119,1,1,2,2,2,2,9,10,4
wro4j,0,0,0,0,1,0,0,0,0,9,0,30,0.042,252,117,1,1,2,2,2,2,9,9,4
wro4j,0,1,0,0,1,0,0,0,0,12,2,34,0.024,253,118,1,1,2,2,2,2,9,10,4
wro4j,0,1,0,0,1,0,0,0,0,11,2,33,0.029,251,118,1,1,2,2,2,2,9,10,4
wro4j,0,1,0,0,1,0,0,0,0,11,2,30,0.006,252,116,1,1,2,2,2,2,9,10,4
wro4j,0,1,0,0,1,0,0,0,0,12,3,30,0.025,251,116,1,1,2,2,2,2,9,9,4
wro4j,0,0,0,0,1,0,0,0,0,8,1,34,0.37,261,120,1,1,2,2,2,2,9,13,4
wro4j,0,0,0,0,1,0,0,0,0,8,1,30,0.018,251,116,1,1,2,2,2,2,9,9,4
wro4j,0,0,0,0,1,0,0,0,0,7,1,20,0.024,208,94,1,1,2,2,2,2,7,9,4
wro4j,0,0,0,0,1,0,0,0,0,7,1,19,0.023,208,94,1,1,2,2,2,2,7,9,4
wro4j,0,0,0,0,0,0,0,0,0,4,0,2,0.024,15,11,0,0,2,2,3,0,0,5,0
wro4j,0,0,0,0,0,0,0,0,0,4,0,1,0.012,13,10,0,0,2,2,0,0,0,0,0
wro4j,0,0,0,0,0,0,0,0,0,4,0,1,0.016,13,10,0,0,2,2,0,0,0,0,0
wro4j,0,0,0,0,0,1,0,0,0,5,0,2,0.01,16,11,0,0,2,2,0,0,0,0,0
wro4j,0,0,0,0,0,0,0,0,0,3,1,1,0.004,14,10,0,0,2,2,0,0,0,0,0
wro4j,0,0,0,1,0,1,0,0,0,6,1,4,2.181,33,12,0,0,2,2,2,2,0,5,0
wro4j,0,0,0,0,0,0,0,0,0,9,1,3,0.002,17,12,0,0,2,2,0,0,0,5,0
wro4j,0,0,0,0,0,0,0,0,0,9,1,3,0.002,17,12,0,0,2,2,2,2,4,4,0
wro4j,0,0,0,0,0,0,0,0,0,6,0,15,0.49,197,108,1,1,2,2,3,5,6,10,0
wro4j,0,0,0,1,0,1,0,0,0,14,0,7,0.09,20,11,0,0,2,2,0,0,0,7,3
wro4j,0,0,0,0,0,0,0,0,0,5,1,3,0.008,16,11,0,0,2,2,3,5,5,5,0
wro4j,0,0,0,0,1,1,0,0,0,6,0,25,0.497,270,116,1,1,2,2,3,5,7,10,6
wro4j,0,0,0,0,0,0,0,0,0,3,0,1,0.002,4,2,0,0,2,2,2,2,2,0,1
wro4j,0,0,0,0,0,1,0,0,0,4,0,2,1.691,4,2,0,0,2,2,2,2,2,0,1
wro4j,0,0,0,0,0,0,0,0,0,3,0,1,0.003,4,2,0,0,2,2,2,2,2,0,1
wro4j,0,0,0,0,0,1,0,0,0,4,0,2,1.602,4,2,0,0,2,2,2,2,2,0,1
wro4j,0,1,0,1,0,0,0,0,0,24,2,17,3.19,249,144,1,1,4,5,5,5,7,10,1
wro4j,0,0,0,0,0,1,0,0,0,4,0,14,0.045,162,92,1,1,2,5,5,5,7,7,0
wro4j,0,0,1,0,1,1,0,0,0,24,1,39,0.13,313,138,1,1,4,5,5,5,7,11,11
wro4j,0,0,0,0,0,1,0,0,0,4,0,15,0.039,165,95,1,1,2,5,5,5,7,7,2
wro4j,0,0,0,0,0,1,0,0,0,4,0,16,0.037,165,95,1,1,2,5,5,5,7,7,2
wro4j,0,0,0,0,0,1,0,0,0,8,0,14,0.027,162,92,1,1,2,5,5,5,7,7,0
wro4j,0,0,0,0,0,1,0,0,0,9,0,14,0.108,173,94,1,1,2,5,5,5,7,8,0
wro4j,0,0,0,0,1,1,0,0,0,4,0,46,0.088,325,142,1,1,4,5,5,5,7,11,14
wro4j,0,0,0,0,1,1,0,0,0,4,0,38,0.246,275,131,1,1,4,5,5,5,7,11,12
wro4j,0,0,0,0,0,1,0,0,0,16,0,16,0.028,218,104,1,1,2,5,5,5,7,8,4
wro4j,0,0,0,1,0,1,0,0,0,10,0,15,0.077,163,93,1,1,2,5,5,5,7,8,0
wro4j,0,0,0,0,1,1,0,0,0,12,1,35,0.132,307,137,1,1,4,5,5,5,7,11,8
wro4j,0,0,0,0,1,1,0,0,0,12,1,35,0.234,307,137,1,1,4,5,5,5,7,11,8
wro4j,0,0,0,0,1,1,0,0,0,8,1,35,0.153,290,135,1,1,4,5,5,5,7,11,4
wro4j,0,0,0,0,1,1,0,0,0,8,0,30,0.089,307,141,1,1,4,5,5,5,7,11,8
wro4j,0,0,0,0,1,1,0,0,0,5,0,27,0.081,284,133,1,1,4,5,5,5,7,9,8
wro4j,0,0,0,0,1,1,0,0,1,12,0,46,0.144,303,133,1,1,4,5,5,5,8,11,14
wro4j,0,0,0,0,1,1,0,0,0,18,0,37,0.642,335,137,1,1,4,5,5,5,7,11,8
wro4j,0,0,0,0,1,1,0,0,0,16,0,37,1.241,315,141,1,1,4,5,5,5,7,11,9
wro4j,0,0,0,0,1,1,0,0,0,8,1,37,0.111,297,135,1,1,4,5,5,5,7,11,6
wro4j,0,0,0,0,1,1,0,0,0,4,0,29,0.148,272,132,1,1,4,5,5,5,7,9,8
wro4j,0,0,0,0,1,1,0,0,0,5,0,27,0.081,288,133,1,1,4,5,5,5,7,9,8
wro4j,0,0,0,0,1,1,0,0,0,19,0,22,0.07,250,121,1,1,4,5,5,5,7,9,6
wro4j,0,0,0,0,1,1,0,0,0,6,1,34,0.086,294,134,1,1,4,5,5,5,7,11,4
wro4j,0,0,0,0,1,1,0,0,0,5,0,27,0.104,284,133,1,1,4,5,5,5,7,9,8
wro4j,0,0,0,0,1,1,0,0,0,5,0,27,0.151,285,133,1,1,4,5,5,5,7,9,8
wro4j,0,0,0,0,0,0,0,0,0,4,0,2,0.037,6,6,0,0,0,0,0,0,0,0,0
wro4j,0,0,0,0,0,0,0,0,0,4,0,2,0.017,6,6,0,0,0,0,0,0,0,0,0
wro4j,0,0,0,0,0,1,0,0,0,6,1,5,0.074,10,6,0,0,2,2,2,2,0,0,0
wro4j,0,0,0,0,0,1,0,0,0,5,1,4,0.031,9,6,0,0,2,2,2,2,0,0,0
wro4j,0,0,0,0,0,0,0,0,0,6,0,4,0.049,8,6,0,0,2,2,2,2,0,0,0
wro4j,0,0,0,0,0,0,0,0,0,6,0,4,0.067,8,6,0,0,2,2,2,2,0,0,0
wro4j,0,1,0,0,0,1,0,0,0,8,2,2,0.043,6,6,0,0,0,0,0,0,0,0,0
wro4j,0,1,0,0,0,1,0,0,0,9,2,6,0.014,12,6,0,0,2,2,2,2,0,0,0
wro4j,0,1,0,0,0,1,0,0,0,8,2,2,0.024,6,6,0,0,0,0,0,0,0,0,0
wro4j,0,1,0,0,0,1,0,0,0,13,4,2,0.06,6,6,0,0,0,0,0,0,0,0,0
wro4j,0,0,0,0,0,1,0,0,0,4,1,3,2.585,8,6,0,0,2,2,2,2,0,0,0
wro4j,0,0,0,0,0,1,0,0,0,4,1,3,0.038,8,6,0,0,2,2,2,2,0,0,0
wro4j,0,0,0,0,0,1,0,0,0,5,1,4,0.02,9,6,0,0,2,2,2,2,0,0,2
wro4j,0,0,0,0,0,1,0,0,0,5,1,4,0.069,9,6,0,0,2,2,2,2,0,0,2
wro4j,0,0,0,0,1,0,0,0,0,17,1,2,0.595,3,2,1,1,2,2,2,2,2,2,0
wro4j,0,0,0,0,0,0,0,0,0,3,0,2,0.007,6,3,0,0,2,2,2,2,5,5,5
wro4j,0,0,0,0,0,0,0,0,0,3,0,3,0.001,7,3,0,0,2,2,2,2,5,5,5
wro4j,0,1,0,1,0,0,0,0,0,9,2,2,0.001,5,3,0,0,2,2,2,2,5,5,0
wro4j,0,0,0,1,0,1,0,0,0,7,1,2,0.01,3,3,0,0,2,2,2,2,0,0,0
wro4j,0,1,0,1,0,1,0,0,0,8,3,2,1.209,3,3,0,0,2,2,2,2,0,0,0
wro4j,0,0,0,0,0,0,0,0,0,3,1,1,0.001,4,3,0,0,2,2,2,2,0,0,0
wro4j,0,0,0,1,1,1,0,0,0,17,1,5,1.043,7,4,0,0,2,2,2,2,5,5,1
wro4j,0,0,0,0,0,1,0,0,0,6,0,3,0.528,13,8,1,1,2,2,2,2,5,5,0
wro4j,0,0,0,0,0,1,0,0,0,4,0,3,0.743,14,8,1,1,2,2,2,2,6,6,0
wro4j,0,0,0,0,0,1,0,0,0,5,0,1,1.243,15,8,1,1,2,2,2,2,0,0,0
wro4j,0,0,0,0,0,1,0,0,0,5,0,3,0.578,11,8,1,1,2,2,2,2,0,0,0
wro4j,0,0,0,0,0,1,0,0,0,4,0,2,4.816,25,8,1,1,2,2,2,2,0,8,0
wro4j,0,0,0,0,0,1,0,0,0,4,0,1,13.731,22,8,1,1,2,2,2,2,0,8,0
wro4j,0,0,0,0,0,1,0,0,0,4,0,3,0.125,15,6,1,1,2,2,2,2,6,6,0
wro4j,0,0,0,0,0,1,0,0,0,6,0,3,1.108,17,8,1,1,2,2,2,2,0,5,0
wro4j,0,0,0,0,0,1,0,0,0,6,0,5,0.33,14,8,1,1,2,2,2,2,5,5,0
wro4j,0,0,0,0,0,1,0,0,0,7,0,5,0.253,16,8,1,1,2,2,2,2,5,5,0
wro4j,0,0,0,0,0,1,0,0,0,6,0,4,0.447,12,8,1,1,2,2,2,2,0,3,0
wro4j,0,0,0,0,0,1,0,0,0,5,0,2,0.481,12,8,1,1,2,2,2,2,5,5,0
wro4j,0,0,0,0,0,1,0,0,0,6,0,4,0.141,15,8,1,1,2,2,2,2,5,5,0
wro4j,0,0,0,0,0,0,0,0,0,6,0,7,0.181,15,10,1,1,2,2,2,2,5,5,3
wro4j,0,0,0,1,0,1,0,0,0,16,0,3,0.084,21,8,1,1,2,2,2,2,6,5,0
wro4j,0,0,0,0,0,1,0,0,0,6,0,2,2.355,18,10,1,1,2,2,2,2,0,0,0
wro4j,0,0,0,0,0,1,0,0,0,4,0,3,18.635,27,10,1,1,2,2,2,2,6,6,0
wro4j,0,0,0,0,0,1,0,0,0,4,0,2,15.149,26,10,1,1,2,2,2,2,6,6,0
wro4j,0,0,0,0,0,1,0,0,0,16,1,1,25.638,23,10,1,1,2,2,2,2,0,0,0
wro4j,0,0,0,0,0,1,0,0,0,12,0,6,0.216,17,10,1,1,2,2,4,4,4,4,0
wro4j,0,0,0,0,0,1,0,0,0,6,0,3,4.397,18,10,1,1,2,2,2,2,6,0,0
wro4j,0,0,0,0,0,0,0,0,0,10,0,5,0.048,19,12,1,1,2,2,2,2,6,5,3
wro4j,0,0,0,0,0,1,0,0,0,5,0,1,13.835,12,10,1,1,2,2,2,2,1,0,0
wro4j,0,0,0,0,0,1,0,0,0,6,0,2,5.157,13,10,1,1,2,2,2,2,2,0,0
wro4j,0,0,0,0,0,1,0,0,0,11,1,2,5.335,16,10,1,1,2,2,2,2,0,0,0
wro4j,0,0,0,0,0,1,0,0,0,11,1,2,3.914,17,10,1,1,2,2,2,2,0,0,0
wro4j,0,1,0,0,1,0,0,0,0,22,2,15,2.192,28,12,2,2,2,2,2,2,2,2,0
wro4j,0,0,0,0,0,1,0,0,0,6,0,3,1.274,14,10,1,1,2,2,2,2,1,0,0
wro4j,0,0,0,0,0,0,0,0,0,7,0,4,1.256,18,10,1,1,2,2,2,2,0,4,0
wro4j,0,0,0,0,0,1,0,0,0,5,0,2,1.547,13,10,1,1,2,2,2,2,1,0,0
wro4j,0,0,0,0,0,0,0,0,0,5,0,6,0.171,14,10,1,1,2,2,2,2,5,5,3
wro4j,0,0,0,0,0,1,0,0,0,5,0,2,1.089,13,10,1,1,2,2,2,2,1,0,0
wro4j,0,0,0,0,0,0,0,0,0,6,0,3,1.052,17,10,1,1,2,2,2,2,0,0,0
wro4j,0,0,0,0,0,1,0,0,0,6,0,3,1.951,15,10,1,1,2,2,2,2,1,0,0
wro4j,0,0,0,0,0,1,0,0,0,6,0,3,2.56,14,10,1,1,2,2,2,2,1,0,0
wro4j,0,0,0,0,0,0,0,0,0,6,0,6,0.261,15,10,1,1,2,2,2,2,5,5,3
wro4j,0,0,0,1,0,1,0,0,0,16,0,4,0.093,21,8,1,1,2,2,2,2,6,6,1
wro4j,0,0,0,0,0,1,0,0,0,4,0,2,26.72,26,10,1,1,2,2,2,2,6,6,0
wro4j,0,0,0,0,0,1,0,0,0,3,0,2,17.968,32,10,1,1,2,2,2,2,6,6,0
wro4j,0,0,0,0,0,0,0,0,0,10,0,5,0.091,20,12,1,1,2,2,2,2,6,5,3
wro4j,0,1,0,0,1,0,0,0,0,22,2,12,2.389,29,12,2,2,2,2,2,2,2,2,0
wro4j,0,0,0,0,0,1,0,0,0,6,0,2,1.815,18,10,1,1,2,2,2,2,0,4,0
wro4j,0,0,0,0,0,0,0,0,0,7,0,4,1.018,20,10,1,1,2,2,2,2,0,4,0
wro4j,0,0,0,0,0,1,0,0,0,5,0,1,1.303,17,10,1,1,2,2,2,2,0,4,0
wro4j,0,0,0,0,0,0,0,0,0,5,0,5,0.217,14,10,1,1,2,2,2,2,5,5,3
wro4j,0,0,0,0,0,1,0,0,0,5,0,1,1.649,17,10,1,1,2,2,2,2,0,4,0
wro4j,0,0,0,0,0,0,0,0,0,6,0,2,1.102,18,10,1,1,2,2,2,2,0,4,0
wro4j,0,0,0,0,0,1,0,0,0,6,0,2,1.688,18,10,1,1,2,2,2,2,0,4,0
wro4j,0,0,0,0,0,1,0,0,0,8,0,4,10.059,20,10,1,1,2,2,2,2,0,0,0
wro4j,0,0,0,0,0,0,0,0,0,6,0,3,0.491,7,4,1,1,0,0,0,0,0,0,3
wro4j,0,0,0,0,0,0,0,0,0,6,0,3,0.949,10,7,1,1,4,4,4,4,0,0,3
wro4j,1,0,0,0,0,0,0,0,0,15,1,3,1.673,16,13,1,1,4,4,4,4,0,0,3
wro4j,0,1,0,0,0,1,0,0,0,26,2,5,0.737,14,10,1,1,4,4,4,4,0,0,3
wro4j,0,1,0,0,0,1,0,0,0,11,2,10,0.236,22,10,1,1,4,4,4,4,4,0,3
wro4j,0,0,0,0,0,0,0,0,0,5,0,3,1.259,10,7,1,1,4,4,4,4,0,0,3
wro4j,0,0,0,0,0,0,0,0,1,19,1,4,1.129,15,9,1,1,4,4,4,4,0,0,3
wro4j,0,0,0,0,0,0,0,0,1,18,1,3,1.682,10,7,1,1,4,4,4,4,0,0,3
wro4j,0,1,0,0,0,1,0,0,0,12,2,8,0.127,11,6,1,1,2,2,2,2,2,0,3
wro4j,0,1,0,0,0,1,0,0,0,38,3,5,2.827,14,10,1,1,4,4,4,4,4,4,3
wro4j,0,1,0,0,0,1,0,0,0,52,4,10,0.932,14,6,1,1,2,2,2,2,6,6,4
wro4j,0,0,0,0,0,0,0,0,1,18,0,3,1.169,14,11,1,1,4,4,4,4,0,0,3
wro4j,0,1,0,0,1,0,0,0,0,21,2,5,2.512,15,9,1,2,4,4,4,4,2,2,3
wro4j,0,0,0,0,0,0,0,0,0,10,0,7,1.259,16,8,1,1,4,4,4,4,4,0,4
wro4j,0,0,0,0,0,0,0,0,0,5,0,3,0.279,7,4,1,1,0,0,0,0,0,0,3
wro4j,0,0,0,1,0,0,0,0,0,7,0,3,1.029,10,7,1,1,4,4,4,4,0,0,3
wro4j,0,0,0,0,0,0,0,0,0,9,0,3,0.226,8,5,1,1,0,0,0,0,0,0,3
wro4j,0,0,0,0,0,0,0,0,0,10,0,3,0.344,14,11,1,1,4,4,4,4,0,0,3
wro4j,0,0,0,0,0,0,0,0,0,7,0,3,1.243,14,11,1,1,4,4,4,4,0,0,3
wro4j,0,0,0,0,0,0,0,0,0,10,0,0,5.232,12,11,1,1,4,4,4,4,0,0,0
wro4j,0,0,0,0,0,0,0,0,0,7,0,3,0.398,8,5,1,1,2,2,2,2,0,0,3
wro4j,0,0,0,0,0,0,0,0,0,7,0,3,0.453,8,5,1,1,2,2,2,2,0,0,3
wro4j,0,0,0,0,0,0,0,0,0,6,0,3,0.161,10,7,1,1,4,4,4,4,0,0,3
wro4j,0,0,0,0,0,0,0,0,0,5,0,7,0.581,17,8,1,1,4,4,4,4,0,0,4
wro4j,0,0,0,0,0,0,0,0,0,5,0,3,0.063,7,4,1,1,0,0,0,0,0,0,3
wro4j,0,0,0,1,0,0,0,0,0,6,0,3,0.097,7,4,1,1,0,0,0,0,0,0,3
wro4j,0,0,0,1,0,0,0,0,0,6,0,3,0.075,7,4,1,1,0,0,0,0,0,0,3
wro4j,0,0,0,0,0,0,0,0,0,6,0,3,0.388,7,4,1,1,0,0,0,0,0,0,3
wro4j,0,0,0,0,0,1,0,0,0,6,0,3,0.21,34,19,0,0,2,2,2,2,6,6,0
wro4j,0,1,0,0,0,1,0,0,0,7,2,5,0.001,32,16,0,0,2,2,2,2,6,7,0
wro4j,0,0,0,0,0,0,0,0,0,3,1,1,0.588,7,6,0,0,2,2,2,2,0,0,0
wro4j,0,0,0,0,0,1,0,0,0,22,1,26,0.535,252,106,1,1,2,2,2,2,7,10,3
wro4j,0,1,0,0,0,1,0,0,0,10,2,14,1.731,220,106,1,1,2,2,2,2,7,10,0
wro4j,0,1,0,0,0,1,0,0,0,10,2,26,0.021,231,98,1,1,2,2,2,2,7,8,4
wro4j,0,0,0,0,0,0,0,0,0,3,0,2,0.001,14,8,0,0,2,2,2,2,2,0,0
wro4j,0,0,0,0,0,0,0,0,0,3,0,1,0.51,4,3,0,0,0,0,0,0,0,0,0
wro4j,0,1,0,0,0,1,0,0,0,6,2,4,0.029,14,8,0,0,2,2,2,2,0,0,0
wro4j,0,1,0,0,0,0,0,0,0,7,2,6,0.002,18,8,0,0,2,2,2,2,2,0,0
wro4j,0,1,0,0,0,1,0,0,0,5,2,7,1.294,42,20,0,0,2,2,0,0,0,6,0
wro4j,0,0,0,0,0,1,0,0,0,3,1,5,0.018,36,13,0,0,2,2,0,0,0,4,1
wro4j,0,0,0,1,0,1,0,0,0,10,1,6,1.991,41,36,1,1,2,2,2,2,2,4,0
wro4j,0,0,0,0,0,0,0,0,0,3,0,1,0.002,8,5,0,0,2,2,0,0,0,0,0
wro4j,0,0,0,0,0,1,0,0,0,4,1,6,0.002,14,7,0,0,2,2,0,0,0,4,0
wro4j,0,1,0,0,0,1,0,0,0,19,3,16,0.025,210,93,1,1,4,2,2,2,7,9,1
wro4j,0,0,0,0,0,0,0,0,0,6,1,15,0.016,182,79,1,1,4,2,2,2,7,7,1
wro4j,0,1,0,0,0,0,0,0,0,20,3,15,0.184,194,82,1,1,4,2,2,2,7,8,1
wro4j,0,0,0,0,0,0,0,0,0,11,1,15,0.035,209,93,1,1,4,2,2,2,7,9,1
wro4j,0,0,0,0,0,0,0,0,0,11,1,11,2.314,191,100,1,1,2,2,2,2,6,10,0
wro4j,0,0,0,0,0,0,0,0,0,12,1,15,0.047,203,92,1,1,4,2,2,2,7,9,1
wro4j,0,0,0,0,0,0,0,0,0,9,1,15,0.023,191,85,1,1,4,2,2,2,7,9,1
wro4j,0,1,0,0,0,0,0,0,0,21,8,15,0.059,209,93,1,1,4,2,2,2,7,9,1
wro4j,0,0,0,0,1,1,0,0,0,3,0,22,0.045,211,93,1,1,2,2,2,2,7,8,5
wro4j,0,0,0,0,1,0,0,0,0,9,0,10,0.024,30,14,0,0,2,2,0,0,0,1,1
wro4j,0,0,0,0,1,1,0,0,0,19,1,26,0.344,233,103,1,1,2,2,2,2,7,9,5
wro4j,0,1,0,0,1,1,0,0,0,7,3,24,0.041,218,96,1,1,2,2,2,2,7,9,5
wro4j,0,0,0,0,1,1,0,0,0,4,1,24,0.043,220,96,1,1,2,2,2,2,7,9,5
wro4j,0,0,0,0,1,1,0,0,0,12,1,23,0.16,215,93,1,1,2,2,2,2,7,7,5
wro4j,0,0,0,0,1,1,0,0,0,4,1,23,0.037,217,96,1,1,2,2,2,2,7,9,5
wro4j,0,0,0,0,1,1,0,0,0,4,1,24,0.038,225,101,1,1,2,2,2,2,7,9,5
wro4j,0,0,0,0,1,1,0,0,0,4,1,25,0.041,217,97,1,1,2,2,2,2,7,9,6
wro4j,0,0,0,0,1,1,0,0,0,4,1,24,0.081,212,93,1,1,2,2,2,2,7,9,5
wro4j,0,0,0,0,1,1,0,0,0,3,0,25,0.076,222,100,1,1,2,2,2,2,7,9,6
wro4j,0,0,0,0,1,1,0,0,0,3,0,25,0.218,222,100,1,1,2,2,2,2,7,9,6
wro4j,0,0,0,0,1,1,0,0,0,3,0,24,0.081,216,95,1,1,2,2,2,2,7,8,6
wro4j,0,1,0,0,1,1,0,0,0,10,3,23,0.05,215,96,1,1,2,2,2,2,7,9,5
wro4j,0,0,0,0,1,1,0,0,0,3,0,25,0.102,223,100,1,1,2,2,2,2,7,9,6
wro4j,0,0,0,0,1,1,0,0,0,11,0,8,0.023,28,12,0,0,2,2,0,0,0,1,0
wro4j,0,0,0,0,1,1,0,0,0,4,0,9,0.238,30,12,0,0,2,2,0,0,0,1,1
wro4j,0,0,0,0,1,1,0,0,0,5,1,24,0.071,223,101,1,1,2,2,2,2,7,9,5
wro4j,0,0,0,0,0,0,0,0,0,8,0,10,1.589,216,110,1,1,2,2,2,2,7,10,0
wro4j,0,0,0,0,1,1,0,0,0,5,0,7,0.016,29,12,0,0,2,2,0,0,0,1,0
wro4j,0,0,0,0,0,1,0,0,0,10,0,33,0.237,285,115,1,1,4,2,4,4,9,8,8
wro4j,0,0,0,0,0,1,0,0,0,10,0,31,0.051,268,113,1,1,4,2,2,2,7,9,7
wro4j,0,0,0,1,0,1,0,0,0,7,0,16,2.428,189,98,1,1,4,2,2,2,7,10,2
wro4j,0,0,0,0,0,1,0,0,0,10,0,20,0.099,235,98,1,1,4,4,4,4,7,8,1
wro4j,0,0,0,0,0,1,0,0,0,35,1,35,0.043,274,112,1,1,4,4,4,4,9,13,1
wro4j,0,0,0,0,0,0,0,0,0,4,1,23,0.096,254,109,1,1,4,4,4,4,7,8,1
wro4j,0,0,0,0,0,0,0,0,0,6,0,1,0.059,43,32,1,1,2,2,2,2,2,6,0
wro4j,0,0,0,0,0,1,0,0,0,3,0,4,0,41,30,1,1,2,2,2,2,2,6,1
wro4j,0,0,0,0,0,0,0,0,0,4,0,1,0.034,44,33,1,1,2,2,2,2,2,6,0
wro4j,0,0,0,0,0,0,0,0,0,8,0,0,0.927,33,32,1,1,2,2,2,2,2,0,0
wro4j,0,0,0,0,0,0,0,0,0,24,1,1,0.077,46,33,1,1,2,2,2,2,2,6,0
wro4j,0,0,0,0,0,0,0,0,0,3,0,3,0,40,30,1,1,2,2,2,2,2,6,1
wro4j,0,0,0,0,0,0,0,0,0,10,0,16,0.107,203,91,1,1,2,2,2,2,7,7,0
wro4j,0,0,0,0,0,0,0,0,0,16,1,5,0,47,31,1,1,2,2,2,2,2,6,0
wro4j,0,0,0,0,0,0,0,0,0,8,1,4,0.013,61,38,1,1,2,2,2,2,2,6,0
wro4j,0,0,0,0,0,0,0,0,0,16,1,17,0.62,200,97,1,1,2,2,2,2,7,10,0
wro4j,0,0,0,0,0,0,0,0,0,15,1,6,0.007,50,31,1,1,2,2,2,2,6,6,0
wro4j,0,0,0,0,0,0,0,0,0,17,1,5,0.006,43,32,1,1,2,2,2,2,2,6,1
wro4j,0,0,0,0,0,0,0,0,0,14,1,1,0.066,46,32,1,1,2,2,2,2,2,6,0
wro4j,0,0,0,0,1,0,0,0,0,3,0,1,0.002,13,6,1,1,2,2,2,2,2,0,0
wro4j,0,0,0,0,1,0,0,0,0,3,0,1,0.002,13,6,1,1,2,2,2,2,2,0,0
wro4j,0,1,0,1,1,0,0,0,0,16,10,15,0.02,200,89,1,1,2,2,2,2,7,8,1
wro4j,0,1,0,1,0,0,0,0,0,17,11,9,2.717,185,97,1,1,2,2,2,2,7,10,0
wro4j,0,1,0,1,1,1,0,0,0,43,13,15,0.161,182,79,1,1,2,2,2,2,7,7,1
wro4j,0,0,0,1,0,0,0,0,0,11,0,17,0.094,208,95,1,1,2,2,2,2,7,8,1
wro4j,0,0,0,0,0,0,0,0,0,4,0,19,0.029,181,79,1,1,4,4,2,2,7,7,8
wro4j,1,0,1,0,0,0,0,0,0,47,1,21,1.392,226,99,1,1,4,4,4,4,7,8,7
wro4j,0,1,0,0,0,1,0,0,0,6,2,16,0.02,181,79,1,1,4,2,4,4,7,7,3
wro4j,0,0,0,0,0,0,0,0,0,6,0,15,0.14,179,81,1,1,4,2,2,2,7,8,3
wro4j,0,0,0,0,0,0,0,0,0,5,0,21,0.032,216,93,1,1,4,4,4,4,9,8,8
wro4j,0,0,0,0,0,0,0,0,0,25,0,26,0.201,260,106,1,1,4,4,4,4,9,8,10
wro4j,0,0,0,0,0,0,0,0,0,5,0,10,2.459,163,86,1,1,2,2,2,2,6,8,1
wro4j,0,0,0,0,0,0,0,0,0,7,1,21,0.02,215,92,1,1,4,4,4,4,9,8,8
wro4j,0,0,0,0,0,0,0,0,0,5,0,21,0.027,216,93,1,1,4,4,4,4,9,8,8
wro4j,0,0,0,0,0,0,0,0,0,16,1,22,0.042,238,97,1,1,4,4,4,4,9,8,9
wro4j,0,0,0,0,0,1,0,0,0,3,0,3,0,7,4,0,0,0,0,0,0,0,0,0
wro4j,0,0,0,0,0,1,0,0,0,3,0,3,0.005,7,4,0,0,0,0,0,0,0,0,0
wro4j,0,0,0,0,0,1,0,0,0,3,0,3,0.005,7,4,0,0,0,0,0,0,0,0,0
wro4j,0,1,0,0,0,0,0,0,0,5,2,4,0.002,6,5,0,0,2,2,0,0,0,2,3
wro4j,0,1,0,0,0,0,0,0,0,5,2,4,0.002,6,5,0,0,2,2,0,0,0,2,3
wro4j,0,1,0,0,0,0,0,0,0,5,2,4,0.002,6,5,0,0,2,2,0,0,0,2,3
wro4j,0,0,0,0,0,1,0,0,0,5,1,3,1.888,8,4,0,0,2,2,0,0,0,0,3
wro4j,0,0,0,0,0,1,0,0,0,11,1,6,0.001,12,4,0,0,2,2,2,2,0,5,3
wro4j,0,0,0,0,0,1,0,0,0,5,1,3,0,9,4,0,0,2,2,2,2,0,2,3
wro4j,0,0,0,0,0,1,0,0,0,4,1,2,0.012,8,4,0,0,2,2,2,2,0,2,1
wro4j,0,0,0,0,0,1,0,0,0,5,1,3,0.004,9,4,0,0,2,2,2,2,0,2,3
wro4j,0,1,0,0,0,0,0,0,0,6,2,4,0.003,5,4,0,0,2,2,0,0,0,2,3
wro4j,0,1,0,0,0,0,0,0,0,5,2,4,0.021,6,5,0,0,2,2,0,0,0,2,3
wro4j,0,1,0,0,0,0,0,0,0,5,2,5,0.068,10,7,0,0,2,2,0,0,0,4,5
wro4j,0,1,0,0,0,0,0,0,0,5,2,4,0.004,5,4,0,0,2,2,0,0,0,2,3
wro4j,0,0,0,0,0,0,0,0,0,4,0,2,0,4,2,0,0,0,0,0,0,0,0,1
wro4j,0,0,0,0,0,0,0,0,0,3,0,0,0.014,3,2,0,0,0,0,0,0,0,0,0
wro4j,0,0,0,0,0,0,0,0,0,4,0,1,0.444,2,2,0,0,0,0,0,0,0,0,0
wro4j,0,0,0,0,0,0,0,0,0,4,0,1,0.08,3,3,0,0,0,0,0,0,0,0,0
wro4j,0,0,1,1,0,1,0,0,0,20,0,7,0.097,21,5,0,0,0,0,0,0,0,5,0
wro4j,0,1,0,1,0,1,0,0,0,13,2,10,0.006,15,4,0,0,0,0,0,0,0,7,0
wro4j,0,0,0,1,0,1,0,0,0,11,1,7,0.026,18,4,0,0,0,0,0,0,0,1,0
wro4j,0,1,0,1,0,1,0,0,0,19,3,11,0.081,26,6,0,0,0,0,0,0,0,4,0
wro4j,0,1,0,0,0,0,0,0,0,5,2,3,0.003,7,2,0,0,0,0,0,0,0,0,0
wro4j,0,0,0,1,0,1,0,0,0,8,1,5,0,12,3,0,0,0,0,0,0,0,5,0
wro4j,0,1,0,1,0,1,0,0,0,12,2,7,0.006,19,3,0,0,0,0,0,0,0,5,0
wro4j,0,1,0,1,0,1,0,0,0,8,2,6,0.001,12,3,0,0,0,0,0,0,0,1,0
wro4j,0,0,0,0,0,0,0,0,0,4,0,0,0.007,7,4,0,0,0,0,0,0,0,0,0
wro4j,0,0,0,0,0,1,0,0,0,5,0,1,0.008,8,6,0,0,2,2,2,2,0,0,0
wro4j,0,0,0,0,0,1,0,0,0,5,1,2,0.859,25,12,0,0,2,2,2,2,0,5,0
wro4j,0,0,0,0,0,0,0,0,0,5,0,8,0.017,47,22,0,0,2,2,2,2,5,7,0
wro4j,0,1,0,0,0,1,0,0,0,29,3,22,0.033,62,24,0,0,2,2,2,2,5,7,5
wro4j,0,1,0,0,0,1,0,0,0,7,2,9,1.582,42,24,0,0,2,3,3,3,5,5,0
wro4j,0,1,0,0,0,1,0,0,0,17,6,15,0.019,55,21,0,0,2,2,2,2,5,7,0
wro4j,0,0,0,0,0,1,0,0,0,3,1,8,0.011,48,21,0,0,2,2,2,2,5,7,1
wro4j,0,0,0,0,0,1,0,0,0,3,1,6,0.014,45,21,0,0,2,2,2,2,5,7,0
wro4j,0,0,0,0,0,1,0,0,0,16,1,14,0.129,54,23,0,0,2,2,2,2,5,7,3
wro4j,0,1,0,0,0,1,0,0,0,16,2,14,0.016,55,22,0,0,2,2,2,2,5,7,0
wro4j,0,0,0,0,0,0,0,0,0,4,1,8,0.008,44,21,0,0,2,2,2,2,5,7,0
wro4j,0,1,0,0,0,1,0,0,0,7,2,9,0.012,49,21,0,0,2,2,2,2,5,7,0
wro4j,0,0,1,0,0,1,0,0,0,9,1,3,0.817,15,7,0,0,2,2,2,2,5,5,0
wro4j,0,0,0,0,0,1,0,0,0,3,1,6,0.023,11,7,0,0,2,2,2,2,5,5,0
wro4j,0,0,1,0,0,1,0,0,0,8,1,6,0.562,39,21,0,0,2,2,2,2,5,5,0
wro4j,1,0,0,0,0,0,0,0,0,5,1,8,0.456,52,37,1,1,2,2,2,2,2,6,3
wro4j,0,0,0,0,0,1,0,0,0,3,0,9,0.018,51,32,1,1,2,2,2,2,2,6,6
wro4j,0,0,0,0,0,1,0,0,0,4,0,12,0.01,59,37,1,1,2,2,2,2,2,6,6
wro4j,0,0,0,0,0,1,0,0,0,4,0,9,0.002,52,32,1,1,2,2,2,2,6,6,6
wro4j,0,0,0,0,0,1,0,0,0,21,0,15,0.015,63,39,1,1,2,2,2,2,2,6,9
wro4j,0,0,0,0,0,0,0,0,0,4,0,6,2.298,44,38,1,1,2,2,2,2,2,6,2
wro4j,0,0,0,0,0,1,0,0,0,4,0,9,0.009,52,32,1,1,2,2,2,2,6,6,6
wro4j,0,0,0,0,0,0,0,0,0,3,1,5,0.002,48,32,1,1,2,2,2,2,2,6,1
wro4j,0,0,0,0,0,0,0,0,0,15,1,12,0.003,59,38,1,1,2,2,2,2,2,6,11
wro4j,0,0,0,0,0,0,0,0,0,11,0,10,0.063,66,42,1,1,2,2,2,2,2,6,8
wro4j,0,0,0,0,0,0,0,0,0,4,0,1,0.006,14,11,0,0,2,2,0,0,0,0,0
wro4j,0,0,0,0,0,0,0,0,0,4,1,1,0.002,12,9,0,0,2,2,0,0,0,3,0
wro4j,0,0,0,0,0,0,0,0,0,4,1,1,0.001,12,9,0,0,2,2,0,0,0,0,0
wro4j,0,0,0,0,0,0,0,0,0,3,0,1,0.003,11,9,0,0,2,2,0,0,0,0,0
wro4j,0,0,0,0,0,0,0,0,0,4,0,1,0.266,18,12,0,0,2,2,2,2,0,0,0
wro4j,0,0,0,0,0,0,0,0,0,4,0,1,0.018,18,12,0,0,2,2,0,0,0,0,0
wro4j,0,0,0,0,0,0,0,0,0,4,0,1,0.637,14,10,0,0,2,2,0,0,0,0,0
wro4j,0,0,0,0,0,0,0,0,0,4,0,1,0.179,18,12,0,0,2,2,0,0,0,0,0
wro4j,0,0,0,0,0,1,0,0,0,5,0,1,0.045,18,13,0,0,0,0,0,0,0,0,0
wro4j,0,0,0,0,0,0,0,0,0,4,0,1,0.027,18,12,0,0,2,2,0,0,0,0,0
wro4j,0,0,0,0,0,0,0,0,0,4,0,1,0.015,18,12,0,0,2,2,0,0,0,2,0
wro4j,0,0,0,0,0,0,0,0,0,4,0,3,0.002,54,32,1,1,2,2,2,2,2,6,0
wro4j,0,0,0,0,0,1,0,0,0,3,0,2,0.017,47,32,1,1,2,2,2,2,2,6,0
wro4j,0,0,0,0,0,0,0,0,0,4,0,1,0.009,58,37,1,1,2,2,2,2,2,6,1
wro4j,0,0,0,1,0,0,0,0,0,18,1,0,0.016,50,35,1,1,2,2,2,2,2,6,0
wro4j,0,0,0,1,0,0,0,0,0,14,1,0,2.1,39,36,1,1,2,2,2,2,2,6,0
wro4j,0,0,0,0,0,0,0,0,0,7,0,0,0.023,52,37,1,1,2,2,2,2,2,6,0
wro4j,0,0,0,0,0,0,0,0,0,4,0,1,0.237,58,37,1,1,2,2,2,2,2,6,1
wro4j,0,0,0,0,0,0,0,0,0,4,0,1,0.008,58,37,1,1,2,2,2,2,2,6,1
wro4j,0,0,0,0,0,0,0,0,0,4,0,1,0.021,58,37,1,1,2,2,2,2,2,6,1
wro4j,0,0,0,0,0,0,0,0,0,4,0,1,0.019,59,37,1,1,2,2,2,2,2,6,1
wro4j,0,0,0,0,0,0,0,0,0,4,0,2,0.045,58,39,1,1,2,2,2,2,2,6,0
wro4j,0,0,0,0,0,0,0,0,0,4,0,1,0.001,47,33,1,1,2,2,2,2,2,6,2
wro4j,0,0,0,0,0,0,0,0,0,4,0,0,0.8,39,36,1,1,2,2,2,2,2,6,0
wro4j,0,0,0,0,0,1,0,0,0,4,0,4,0.003,61,38,1,1,2,2,2,2,6,6,2
wro4j,0,0,0,0,0,1,0,0,0,4,0,4,0.023,61,38,1,1,2,2,2,2,2,6,2
wro4j,0,0,0,0,0,1,0,0,0,4,0,4,0.001,61,38,1,1,2,2,2,2,2,6,2
wro4j,0,0,0,0,0,1,0,0,0,4,0,4,0.01,61,38,1,1,2,2,2,2,2,6,2
wro4j,0,0,0,0,0,1,0,0,0,4,0,4,0.193,61,38,1,1,2,2,2,2,2,6,2
wro4j,1,0,0,0,0,1,0,0,0,4,0,2,0.382,48,35,1,1,2,2,2,2,2,6,2
wro4j,0,0,0,0,1,0,0,0,0,4,0,4,0.013,57,37,1,1,2,2,2,2,2,6,2
wro4j,0,0,0,0,1,0,0,0,0,4,0,4,0.041,62,36,1,1,2,2,2,2,2,6,2
wro4j,0,0,0,0,0,0,0,0,0,3,0,2,0.013,10,3,0,0,0,0,0,0,0,0,0
wro4j,0,0,0,0,0,0,0,0,0,3,0,1,0.008,9,3,0,0,0,0,0,0,0,0,0
wro4j,0,0,0,0,0,0,1,1,1,4,0,2,0.546,5,4,0,0,0,0,0,0,0,0,0
wro4j,0,0,0,0,0,1,0,0,0,3,1,1,0.001,3,2,0,0,0,0,0,0,0,2,0
wro4j,0,0,0,0,0,1,0,0,0,3,1,1,0.003,3,2,0,0,0,0,0,0,0,2,0
wro4j,0,0,0,0,0,1,0,0,0,15,1,6,0.016,20,11,0,0,0,0,0,0,0,3,1
wro4j,0,0,0,0,0,1,0,0,0,3,1,1,0.005,3,2,0,0,0,0,0,0,0,2,0
wro4j,0,0,0,0,0,1,0,0,0,3,1,1,0.003,3,2,0,0,0,0,0,0,0,2,0
wro4j,0,0,0,0,0,1,0,0,0,3,1,1,0.002,3,2,0,0,0,0,0,0,0,2,0
wro4j,0,0,0,0,0,1,0,0,0,3,1,1,0.002,3,2,0,0,0,0,0,0,0,1,0
wro4j,0,0,0,0,0,1,0,0,0,21,1,7,0.445,33,12,0,0,2,2,2,2,0,2,0
wro4j,0,0,0,0,0,0,1,1,0,4,0,2,0.002,10,3,0,0,2,2,2,2,2,0,0
wro4j,0,0,0,0,0,1,1,1,1,4,0,2,0.026,10,5,0,0,0,0,0,0,0,2,0
wro4j,0,0,0,0,0,0,0,0,0,4,0,4,0.017,8,4,0,0,0,0,0,0,0,4,4
wro4j,0,1,0,0,1,0,1,1,0,11,2,17,0.016,46,10,0,0,0,0,0,0,0,6,3
wro4j,0,1,0,0,1,0,1,1,0,9,2,14,0.069,33,10,0,0,0,0,0,0,0,5,3
wro4j,0,0,0,0,0,0,1,1,0,5,1,3,0.026,7,4,0,0,0,0,0,0,0,0,1
wro4j,0,1,0,0,1,0,1,1,0,10,2,15,0.043,42,10,0,0,0,0,0,0,0,6,3
wro4j,0,0,0,0,0,0,1,1,0,9,1,14,0.031,35,5,0,0,0,0,0,0,0,5,6
wro4j,0,1,0,0,0,0,1,1,0,11,4,7,0.14,17,7,0,0,0,0,0,0,0,4,2
wro4j,0,0,0,0,0,0,0,0,0,4,0,0,0.179,9,6,0,0,0,0,0,0,0,0,0
wro4j,0,1,0,1,0,0,1,1,0,6,3,4,0.004,6,2,0,0,2,2,2,2,0,0,3
wro4j,0,1,0,1,0,0,0,0,0,6,3,4,0.049,6,2,0,0,2,2,2,2,0,0,0
wro4j,0,0,0,0,1,1,0,0,0,6,0,6,2.174,58,38,1,1,2,2,2,2,8,8,2
wro4j,0,0,0,0,1,1,0,0,0,6,0,4,0.008,53,36,1,1,2,2,2,2,2,8,4
wro4j,0,0,0,0,1,1,1,0,1,16,0,8,1.069,38,16,0,0,2,2,2,2,2,7,2
wro4j,0,0,0,0,0,1,1,0,1,10,0,6,0.044,53,16,0,0,2,2,2,2,2,7,0
wro4j,0,0,0,0,0,1,0,0,0,5,1,3,0.082,11,6,0,0,0,0,0,0,0,7,0
wro4j,0,0,0,0,0,1,0,0,0,5,1,3,0.03,12,7,0,0,2,2,2,2,2,7,0
wro4j,0,0,0,0,0,0,0,0,0,3,0,1,0.023,63,43,1,1,2,2,2,2,6,6,0
wro4j,0,0,0,0,0,0,0,0,0,3,0,1,0.006,63,43,1,1,2,2,2,2,6,6,0
wro4j,0,0,0,0,0,1,0,0,0,16,1,9,2.12,76,48,1,1,2,2,2,2,2,5,9
wro4j,0,0,0,0,0,1,0,0,0,3,1,2,0.01,64,43,1,1,2,2,2,2,6,6,0
wro4j,0,0,0,0,0,0,0,0,0,3,0,3,0.017,50,35,1,1,2,2,2,2,2,6,1
wro4j,0,0,0,0,0,1,0,0,0,14,1,14,0.183,83,37,1,1,2,2,2,2,2,7,6
wro4j,0,0,0,0,0,1,0,0,0,16,1,8,2.049,46,35,1,1,2,2,2,2,2,7,9
wro4j,0,0,0,0,0,1,0,0,0,6,0,5,0.041,50,36,1,1,2,2,2,2,2,6,6
wro4j,0,0,0,1,0,0,0,0,0,4,0,3,0.001,11,8,0,0,2,2,2,2,2,0,1
wro4j,0,0,0,1,0,1,1,0,1,13,0,8,1.287,73,44,1,1,2,2,2,2,2,7,0
wro4j,0,0,0,0,0,1,0,0,0,5,1,4,0.025,15,8,0,0,2,2,0,0,0,7,1
wro4j,0,0,0,0,0,1,0,0,0,5,1,4,0.018,16,9,0,0,2,2,2,2,2,7,1
wro4j,0,0,0,0,0,0,0,0,0,3,0,0,0.002,5,3,0,0,2,2,0,0,0,0,0
wro4j,0,0,0,0,0,0,0,0,0,3,0,0,0.006,6,4,0,0,2,2,2,2,2,0,0
wro4j,0,0,0,0,0,0,0,0,0,9,0,6,0.006,49,35,1,1,2,2,2,2,2,6,0
wro4j,0,0,0,0,0,0,0,0,0,9,0,5,0.233,49,35,1,1,2,2,2,2,2,6,0
wro4j,0,0,0,0,0,0,0,0,0,11,1,4,0.012,48,34,1,1,2,2,2,2,2,6,0
wro4j,0,0,0,0,0,1,0,0,0,8,0,5,0.002,50,35,1,1,2,2,2,2,2,6,0
wro4j,0,0,0,0,0,0,0,0,0,8,0,0,1.945,37,35,1,1,2,2,2,2,2,5,0
wro4j,0,0,0,0,0,1,0,0,0,11,0,3,1.978,43,37,1,1,2,2,2,2,2,5,0
wro4j,0,1,0,1,0,1,0,0,0,27,3,17,0.482,81,42,1,1,2,2,2,2,2,7,10
wro4j,0,0,0,0,0,0,0,0,0,3,0,0,0.008,5,3,0,0,2,2,0,0,0,0,0
wro4j,0,0,0,0,0,0,0,0,0,3,0,0,1.6,6,5,0,0,2,2,0,0,0,0,0
wro4j,0,0,0,0,0,0,0,0,0,10,0,4,0.002,53,37,1,1,2,2,2,2,2,6,0
wro4j,0,0,0,0,0,0,0,0,0,10,0,4,0.15,51,35,1,1,2,2,2,2,2,6,0
wro4j,0,0,0,0,0,0,0,0,0,9,0,5,0.081,57,36,1,1,2,2,2,2,2,7,0
wro4j,0,0,0,0,0,0,0,0,0,8,0,4,0.024,51,35,1,1,2,2,2,2,2,6,0
wro4j,0,0,0,0,0,0,0,0,0,8,0,4,0.008,51,35,1,1,2,2,2,2,2,6,0
wro4j,0,0,0,0,0,0,0,0,0,8,0,4,0.033,50,34,1,1,2,2,2,2,2,6,0
wro4j,0,0,0,0,0,0,0,0,0,8,0,4,0.006,50,34,1,1,2,2,2,2,2,6,0
wro4j,0,0,0,0,0,0,0,0,0,8,0,4,0.015,51,34,1,1,2,2,2,2,2,6,0
wro4j,0,0,0,0,0,0,0,0,0,10,0,5,0.018,52,36,1,1,2,2,2,2,2,6,0
wro4j,0,0,0,0,0,1,0,0,0,10,0,5,0.001,53,36,1,1,2,2,2,2,2,6,0
wro4j,0,0,0,0,0,0,0,0,0,12,1,4,0.002,52,35,1,1,2,2,2,2,2,6,0
wro4j,0,0,0,0,0,0,0,0,0,10,0,6,0.096,54,37,1,1,2,2,2,2,2,6,0
wro4j,0,0,0,0,0,0,0,0,0,8,0,4,0.011,52,35,1,1,2,2,2,2,2,6,0
wro4j,0,0,0,0,0,0,0,0,0,9,0,0,0.536,43,38,1,1,2,2,2,2,2,4,0
wro4j,0,0,0,0,0,0,0,0,0,3,1,0,0.002,6,5,0,0,2,2,2,2,2,0,0
wro4j,0,0,0,0,0,1,0,0,0,6,0,5,0.218,12,6,0,0,5,5,5,5,5,5,2
wro4j,0,0,0,0,0,1,0,0,0,4,1,3,0.017,10,8,0,0,2,2,2,2,2,5,0
wro4j,0,0,0,0,0,1,0,0,0,9,1,3,0.011,9,6,0,0,0,0,0,0,0,0,0
wro4j,0,0,0,0,0,1,0,0,0,9,1,4,0.012,10,6,0,0,0,0,0,0,0,0,0
wro4j,0,1,0,0,0,1,0,0,0,5,3,4,0.035,13,8,0,0,0,0,0,0,0,0,0
wro4j,0,1,0,0,0,0,0,0,0,6,4,4,0.016,13,5,0,0,0,0,0,0,0,7,0
wro4j,0,1,0,0,0,0,0,0,0,6,4,4,0.008,13,5,0,0,0,0,0,0,0,7,0
wro4j,0,1,0,0,0,0,0,0,0,6,4,5,1.873,25,10,0,0,2,2,2,2,2,4,0
wro4j,0,1,0,0,0,0,0,0,0,6,4,4,0.002,13,5,0,0,0,0,0,0,0,7,0
wro4j,0,1,0,0,0,0,0,0,0,11,4,5,0.004,14,5,0,0,2,2,2,2,2,0,0
wro4j,0,0,0,0,0,1,0,0,0,4,1,2,0.017,9,5,0,0,0,0,0,0,0,0,0
wro4j,0,0,0,0,0,0,0,0,0,7,0,1,0.004,8,6,0,0,2,2,2,2,2,0,0
wro4j,0,0,0,0,0,0,0,0,0,7,0,1,0.001,7,5,0,0,2,2,2,2,2,0,0
wro4j,0,0,0,0,0,0,0,0,0,15,1,5,0.026,10,6,0,0,2,2,2,2,2,6,0
wro4j,0,0,0,0,0,1,0,0,0,3,1,2,0.017,15,7,0,0,0,0,0,0,0,5,0
wro4j,0,0,0,0,0,1,0,0,0,3,1,1,0.007,6,5,0,0,0,0,0,0,0,0,0
wro4j,0,1,0,0,0,1,0,0,0,10,2,6,0.186,10,4,0,0,2,2,2,2,2,1,5
wro4j,0,0,0,0,0,0,0,0,0,3,0,0,0.012,2,2,0,0,2,2,2,2,2,0,0
wro4j,0,0,0,0,0,0,0,0,0,3,0,0,0.003,1,1,0,0,0,0,0,0,0,0,0
wro4j,0,0,0,0,0,1,0,0,0,4,1,2,0.002,6,4,0,0,2,2,2,2,2,0,0
wro4j,0,1,0,0,0,1,0,0,0,6,2,4,0.021,11,5,0,0,2,2,2,2,2,0,0
wro4j,0,0,0,0,0,1,0,0,0,3,0,1,0.002,11,7,0,0,2,2,2,2,2,5,0
wro4j,0,0,0,0,0,1,0,0,0,4,1,3,0.033,12,8,0,0,2,2,2,2,2,5,0
wro4j,0,0,0,0,0,1,0,0,0,9,0,5,0.081,16,7,0,0,2,2,2,2,2,5,6
wro4j,0,0,0,0,0,1,0,0,0,7,0,3,1.757,12,8,0,0,2,2,2,2,2,5,2
wro4j,0,0,0,1,0,0,0,0,0,12,1,9,0.006,22,6,0,0,0,0,0,0,0,3,1
wro4j,0,0,0,1,0,0,0,0,0,6,1,11,0.004,76,38,0,0,2,2,2,2,7,7,0
wro4j,0,0,0,0,0,0,0,0,0,3,0,14,0.004,83,42,0,0,2,2,2,2,2,7,1
wro4j,0,0,0,0,0,0,0,0,0,3,0,16,0.016,85,42,0,0,2,2,2,2,2,7,1
wro4j,0,1,0,1,0,0,0,0,0,4,2,2,0.699,8,6,0,0,0,0,0,0,0,0,0
wro4j,0,0,0,1,0,0,0,0,0,9,1,16,0.075,80,41,0,0,2,2,2,2,2,7,1
wro4j,0,0,0,1,0,0,0,0,0,9,1,14,0.877,79,38,0,0,2,2,2,2,2,7,1
wro4j,0,0,0,1,0,0,0,0,0,6,0,12,0.005,77,42,0,0,2,2,2,2,2,7,0
wro4j,0,0,0,1,0,0,0,0,0,6,0,12,0.489,83,45,0,0,2,2,2,2,2,7,0
wro4j,0,0,0,1,0,0,0,0,0,6,1,11,0.003,76,38,0,0,2,2,2,2,7,7,0
wro4j,0,0,0,0,0,0,0,0,0,4,0,1,0.001,3,2,0,0,2,2,2,2,0,0,0
wro4j,0,1,0,0,0,0,0,0,0,4,2,1,0.014,2,2,0,0,2,2,2,2,0,0,0
wro4j,0,0,0,0,0,0,0,0,0,3,0,6,0.031,29,9,0,0,2,2,2,2,0,6,2
wro4j,0,0,0,0,0,0,0,0,0,3,0,4,0.017,25,9,0,0,2,2,2,2,0,4,1
wro4j,0,0,0,0,0,0,0,0,0,3,0,7,1.027,29,13,0,0,2,2,2,2,0,4,2
wro4j,0,0,0,0,0,0,0,0,0,8,0,4,1.198,32,15,0,0,2,2,2,2,6,6,2
wro4j,0,0,0,0,0,0,0,0,0,6,1,1,0.003,25,4,0,0,0,0,0,0,0,1,0
wro4j,0,0,0,0,0,0,0,0,0,7,1,8,0.613,31,4,0,0,2,2,2,2,2,1,4
wro4j,0,0,0,0,0,0,0,0,0,6,1,3,0.878,50,23,0,0,2,2,2,2,6,6,0
wro4j,0,0,0,0,0,1,0,0,0,8,0,4,1.07,33,16,0,0,2,2,2,2,6,6,2
wro4j,0,0,0,0,0,1,0,0,0,3,0,4,0.45,6,3,0,0,2,2,2,4,4,4,0
wro4j,0,0,0,0,0,1,0,0,0,3,0,4,0.02,6,3,0,0,2,2,2,4,4,4,0
wro4j,0,0,0,0,0,1,0,0,0,5,0,7,0.002,8,3,0,0,2,2,2,4,4,4,2
wro4j,0,0,0,0,0,1,0,0,0,4,1,3,0.001,17,8,0,0,2,2,2,4,4,4,0
wro4j,0,0,0,0,0,1,0,0,0,5,1,4,0.001,18,8,0,0,2,2,2,4,4,4,0
wro4j,0,0,0,0,0,1,0,0,0,6,1,5,0.001,19,8,0,0,2,2,2,4,4,5,0
wro4j,0,0,0,0,0,0,0,0,0,5,1,4,0,16,6,0,0,2,2,2,4,4,4,0
wro4j,0,0,0,0,0,0,0,0,0,5,1,4,0,16,6,0,0,2,2,2,4,4,4,0
wro4j,0,0,0,0,0,1,0,0,0,5,1,4,0.288,26,9,0,0,2,2,2,4,4,4,0
wro4j,0,0,0,0,0,0,0,0,0,5,1,4,0.005,16,6,0,0,2,2,2,4,4,4,0
wro4j,0,0,0,0,0,0,0,0,0,4,0,1,0.015,4,4,0,0,2,2,2,2,0,0,0
wro4j,0,0,0,0,0,0,0,0,0,10,0,1,0.774,14,6,0,0,2,2,2,2,0,0,0
wro4j,0,1,0,0,0,0,0,0,0,4,2,1,0.002,5,4,0,0,2,2,2,2,0,0,0
wro4j,0,0,0,0,0,0,0,0,0,3,0,6,0.005,30,11,0,0,2,2,2,2,6,6,3
wro4j,0,0,0,0,0,0,0,0,0,3,0,5,0.029,28,11,0,0,2,2,2,2,0,6,3
wro4j,0,0,0,0,0,0,0,0,0,3,0,6,0.258,20,13,0,0,2,2,2,2,0,4,2
wro4j,0,0,0,0,0,1,0,0,0,3,0,3,0.577,12,9,0,0,0,0,0,0,0,4,0
wro4j,0,0,0,0,0,1,1,0,1,7,0,4,0.545,45,12,0,0,2,2,2,2,0,5,0
wro4j,0,0,0,0,0,1,0,0,0,3,0,3,0.522,13,9,0,0,0,0,0,0,0,4,0
wro4j,0,0,0,0,0,1,1,0,1,8,0,5,0.416,173,10,0,0,0,0,0,0,0,4,0
wro4j,0,0,0,0,0,1,0,0,0,3,0,4,0.109,22,11,0,0,2,2,2,2,2,4,0
wro4j,0,0,0,0,0,1,1,0,1,7,0,4,0.262,31,8,0,0,0,0,0,0,0,9,0
wro4j,0,0,0,0,0,1,0,0,0,3,0,1,0.546,13,9,0,0,0,0,0,0,0,4,0
wro4j,0,0,0,0,0,1,1,0,1,10,0,5,0.571,97,10,0,0,0,0,0,0,0,4,0
wro4j,0,0,0,0,0,1,0,0,0,3,0,8,1.258,163,92,1,1,2,2,2,2,6,8,1
wro4j,0,0,0,0,0,1,1,0,1,11,0,19,0.174,257,98,1,1,4,2,2,4,7,9,1
wro4j,0,0,0,0,0,1,1,0,1,8,0,18,1.705,242,101,1,1,4,2,2,2,7,10,1
wro4j,0,0,0,0,1,1,0,0,0,4,0,22,0.037,198,87,1,1,4,2,2,2,9,9,0
wro4j,0,0,0,0,1,1,0,0,0,4,0,22,0.072,198,87,1,1,4,2,2,2,9,9,0
wro4j,0,0,0,0,1,1,0,0,0,4,0,23,0.045,200,87,1,1,4,2,2,2,9,9,0
wro4j,0,0,0,0,0,1,0,0,0,4,0,19,0.145,201,90,1,1,4,2,2,2,9,9,0
wro4j,0,0,0,0,1,1,0,0,0,15,1,26,0.032,209,91,1,1,4,2,2,2,9,11,1
wro4j,0,0,1,0,1,1,0,0,0,34,1,25,1.604,205,102,1,1,2,2,2,2,9,10,0
wro4j,0,0,0,0,0,1,0,0,0,3,0,21,0.039,203,90,1,1,4,2,4,4,9,9,1
wro4j,0,0,0,0,0,1,0,0,0,3,0,17,0.034,188,84,1,1,4,2,2,2,7,7,0
wro4j,0,0,0,0,0,1,1,0,1,9,0,22,0.45,251,103,1,1,4,4,4,4,9,12,1
wro4j,0,0,0,0,0,1,1,0,1,10,0,8,0.953,28,16,0,0,2,2,2,2,2,4,0
wro4j,0,0,0,0,0,1,0,0,0,3,0,1,0.039,11,6,0,0,2,2,2,2,2,0,0
wro4j,0,0,0,0,0,1,1,0,1,10,0,6,0.192,57,13,0,0,2,2,2,2,2,13,0
wro4j,0,1,0,0,1,1,0,0,0,5,2,28,0.134,237,102,1,1,2,2,2,4,7,9,5
wro4j,0,0,0,0,1,0,0,0,0,14,0,26,0.087,236,102,1,1,2,2,2,4,7,9,6
wro4j,0,0,0,0,1,1,1,1,0,13,0,25,0.031,217,99,1,1,2,2,2,4,7,9,7
wro4j,0,0,0,0,1,1,0,0,0,13,0,25,0.073,232,102,1,1,2,2,2,4,7,9,5
wro4j,0,0,0,0,1,1,0,0,0,14,0,24,0.106,232,102,1,1,2,2,2,4,7,9,5
wro4j,0,0,0,0,0,1,0,0,0,13,0,11,2.399,211,110,1,1,2,2,2,4,7,10,0
wro4j,0,0,0,0,1,1,0,0,0,13,0,25,0.053,233,102,1,1,2,2,2,4,7,9,5
wro4j,0,0,0,0,1,1,0,0,0,3,0,19,0.039,206,92,1,1,2,2,2,2,7,8,3
wro4j,0,0,1,0,1,1,0,0,0,21,0,30,0.287,242,103,1,1,2,2,2,4,7,9,6
wro4j,0,0,0,0,1,1,1,0,1,9,0,23,0.178,213,97,1,1,2,2,2,4,7,8,3
wro4j,0,0,0,0,0,1,0,0,0,3,0,1,0.07,25,11,0,0,2,2,2,2,2,4,0
wro4j,0,0,0,0,0,1,1,0,1,8,0,4,0.219,41,8,0,0,0,0,0,0,0,4,0
wro4j,0,0,0,0,0,0,0,0,0,3,0,0,0.002,2,2,0,0,0,0,0,0,0,0,0
wro4j,0,0,0,0,0,0,0,0,0,3,0,0,0.004,2,2,0,0,0,0,0,0,0,0,0
wro4j,0,1,0,0,0,0,0,0,0,12,3,2,1.802,7,5,0,0,2,2,2,2,0,4,1
wro4j,0,1,0,0,0,0,0,0,0,9,3,3,0.108,4,2,0,0,2,2,2,2,0,0,3
wro4j,0,0,0,0,0,1,0,0,1,12,0,12,2.832,235,105,1,1,2,2,2,2,7,10,3
wro4j,0,0,0,0,0,1,0,0,0,4,0,8,1.132,166,94,1,1,2,2,2,2,6,8,0
wro4j,0,0,0,0,0,1,1,0,1,12,0,18,0.228,259,100,1,1,4,2,2,4,7,12,0
wro4j,0,0,0,0,0,1,1,0,1,9,0,14,1.695,246,104,1,1,4,2,2,2,7,12,0
wro4j,0,0,0,0,0,1,1,0,1,14,0,5,2.541,55,15,0,0,2,2,2,2,2,4,0
wro4j,0,0,0,0,0,1,0,0,0,3,0,1,0.622,13,9,0,0,0,0,0,0,0,4,0
wro4j,0,0,0,0,0,1,1,0,1,10,0,5,0.512,65,15,0,0,2,2,2,2,2,6,0
wro4j,0,0,0,0,0,0,0,0,0,8,0,0,0.068,55,35,1,1,2,2,2,2,2,6,0
wro4j,0,0,0,0,0,1,0,0,0,3,0,1,0.922,43,38,1,1,2,2,2,2,2,4,0
wro4j,0,0,0,0,0,1,1,0,1,8,0,4,0.282,80,38,1,1,2,2,2,2,2,7,0
wro4j,0,0,0,0,0,1,0,0,0,3,0,8,1.219,166,91,1,1,2,2,2,2,6,10,0
wro4j,0,0,0,0,0,1,1,0,1,9,0,14,0.634,274,109,1,1,4,4,4,4,9,12,0
wro4j,0,0,0,0,0,1,0,0,0,4,0,3,0.742,21,11,0,0,2,2,2,2,2,4,0
wro4j,0,0,0,0,0,1,1,0,1,10,0,5,0.284,31,9,0,0,0,0,0,0,0,4,0
wro4j,0,0,0,0,0,0,1,0,1,9,0,4,0.074,30,9,0,0,2,2,2,2,2,4,0
wro4j,0,0,0,0,0,1,0,0,0,4,0,2,0.91,23,11,0,0,2,2,2,2,2,4,0
wro4j,0,0,0,0,0,1,1,0,1,14,0,10,0.313,37,10,0,0,0,0,0,0,0,4,0
wro4j,0,0,0,0,0,1,0,0,0,3,0,3,0.823,22,11,0,0,2,2,2,2,2,4,0
wro4j,0,0,0,0,0,1,1,0,1,10,0,5,0.239,29,8,0,0,0,0,0,0,1,4,0
wro4j,0,0,0,0,0,1,0,0,0,4,0,3,0.742,21,11,0,0,2,2,2,2,2,4,0
wro4j,0,0,0,0,0,1,1,0,1,10,0,5,0.195,31,9,0,0,0,0,0,0,0,4,0
wro4j,0,0,0,0,0,1,0,0,0,3,0,2,0.871,44,39,1,1,2,2,2,2,2,4,0
wro4j,0,0,0,0,0,1,1,0,1,8,0,5,0.448,220,40,1,1,2,2,2,2,2,6,1
wro4j,0,0,0,0,0,1,0,0,0,4,0,18,0.027,205,92,1,1,2,2,2,2,7,7,0
wro4j,0,0,0,0,0,1,0,0,0,4,0,18,0.023,206,92,1,1,2,2,2,2,7,7,0
wro4j,0,1,0,1,0,0,0,0,0,7,2,21,1.487,198,101,1,1,2,2,2,2,7,10,0
wro4j,0,0,0,0,0,0,0,0,0,4,1,20,0.024,219,93,1,1,2,2,2,2,7,7,3
wro4j,0,0,0,0,0,0,0,0,0,3,0,0,0.455,2,2,0,0,2,2,2,2,2,0,0
wro4j,0,0,0,0,0,0,0,0,0,3,0,0,0.007,3,2,0,0,2,2,2,2,2,0,0
wro4j,0,0,0,0,0,0,0,0,0,3,0,0,0.001,3,2,0,0,2,2,2,2,2,0,0
wro4j,0,1,0,1,0,0,0,0,0,9,5,8,0.007,9,2,0,0,2,2,2,2,2,0,0
wro4j,0,1,0,1,0,0,0,0,0,8,4,6,0.002,12,2,0,0,2,2,2,2,2,0,0
wro4j,0,1,0,0,0,0,0,0,0,4,2,2,0.009,8,2,0,0,2,2,2,2,2,0,0
wro4j,0,1,0,1,0,0,0,0,0,8,3,6,0.006,7,2,0,0,2,2,2,2,2,6,0
wro4j,0,1,0,1,0,0,0,0,0,12,5,10,0.005,16,2,0,0,2,2,2,2,2,6,0
wro4j,0,0,0,1,0,0,0,0,0,4,1,3,0.007,4,2,0,0,2,2,2,2,2,0,0
wro4j,0,0,0,0,0,0,0,0,0,3,1,2,0.007,3,2,0,0,2,2,2,2,2,0,0
wro4j,0,0,0,0,0,1,0,0,0,5,0,21,0.031,207,96,1,1,2,2,2,2,7,8,3
wro4j,0,0,0,1,0,1,0,0,0,17,1,34,0.115,256,106,1,1,2,2,2,2,7,8,13
wro4j,0,1,0,0,1,0,0,0,0,28,2,36,0.032,280,114,1,1,2,2,2,2,9,11,7
wro4j,0,1,0,1,1,1,0,0,0,22,4,28,2.735,246,119,1,1,2,2,2,2,9,11,3
wro4j,0,0,0,1,0,1,0,0,0,4,1,30,0.035,259,105,1,1,2,2,2,2,7,8,5
wro4j,0,1,0,0,1,0,0,0,0,35,4,32,0.039,262,107,1,1,2,2,2,2,7,8,5
wro4j,0,0,0,0,0,0,0,0,0,4,0,3,0.02,84,49,1,1,2,2,2,2,6,7,0
wro4j,0,0,0,0,0,0,0,0,0,4,0,3,0.002,84,49,1,1,2,2,2,2,6,7,0
wro4j,0,0,0,0,0,1,0,0,0,3,0,4,0.01,54,34,1,1,2,2,2,2,6,6,1
wro4j,0,0,0,0,0,0,0,0,0,5,1,3,0.01,68,36,1,1,2,2,2,2,6,6,0
wro4j,0,0,0,0,0,0,0,0,0,3,0,4,0.017,86,48,1,1,2,2,2,2,6,7,0
wro4j,0,0,0,0,0,0,0,0,0,3,0,2,1.924,55,50,1,1,2,2,2,2,2,6,0
wro4j,0,0,0,0,0,1,0,0,0,3,1,2,0.001,61,36,1,1,2,2,2,2,6,6,0
wro4j,0,0,0,0,0,1,0,0,0,12,1,7,0.01,90,49,1,1,2,2,2,2,6,7,0
wro4j,0,0,0,0,0,0,0,0,0,3,0,3,0.009,85,48,1,1,2,2,2,2,6,7,0
wro4j,0,0,0,0,0,0,0,0,0,6,1,4,0.02,6,2,0,0,0,0,0,0,0,0,0
wro4j,0,0,0,0,0,0,0,0,0,6,1,4,0.71,7,3,0,0,0,0,0,0,0,5,0
wro4j,0,0,0,0,0,0,0,0,0,6,1,4,0.014,13,3,0,0,0,0,0,0,0,5,0
wro4j,0,0,0,0,0,0,0,0,0,4,0,6,0.004,87,49,1,1,2,2,2,2,6,7,1
wro4j,0,0,0,0,0,0,0,0,0,4,0,5,0.01,85,49,1,1,2,2,2,2,6,7,1
wro4j,0,0,0,0,0,1,0,0,0,3,0,4,0.002,54,34,1,1,2,2,2,2,6,6,1
wro4j,0,0,0,0,0,0,0,0,0,5,1,2,1.804,38,35,1,1,2,2,2,2,2,5,0
wro4j,0,0,0,0,0,0,0,0,0,3,0,9,0.563,221,103,1,1,2,2,2,2,7,10,0
wro4j,0,0,0,0,0,1,0,0,0,3,1,2,0.002,60,35,1,1,2,2,2,2,6,6,0
wro4j,0,0,0,0,0,0,0,0,0,3,0,5,0.013,86,48,1,1,2,2,2,2,6,8,1
wro4j,0,0,0,0,0,1,0,0,0,12,1,9,0.003,91,49,1,1,2,2,2,2,6,7,1
wro4j,0,0,0,0,0,0,0,0,0,3,0,5,0.018,86,48,1,1,2,2,2,2,6,8,1
wro4j,0,0,0,0,0,1,0,0,0,3,0,13,0.03,200,90,1,1,2,2,2,2,7,8,0
wro4j,0,0,0,0,0,1,0,0,0,3,0,14,1.626,187,98,1,1,2,2,2,2,7,10,1
wro4j,0,0,0,0,0,1,0,0,0,4,1,17,0.156,215,90,1,1,2,2,2,2,7,8,2
wro4j,0,0,0,0,0,1,0,0,0,4,1,17,0.01,213,90,1,1,2,2,2,2,7,8,2
wro4j,0,0,0,0,0,1,0,0,0,4,1,17,0.027,215,90,1,1,2,2,2,2,7,8,2
wro4j,0,0,0,0,0,1,0,0,0,3,0,14,0.028,200,90,1,1,2,2,2,2,7,8,0
wro4j,0,0,0,0,0,1,0,0,0,3,0,14,1.568,187,98,1,1,2,2,2,2,7,10,0
wro4j,0,0,0,0,0,1,0,0,0,4,1,15,0.042,210,90,1,1,2,2,2,2,7,8,0
wro4j,0,0,0,0,0,1,0,0,0,4,1,15,0.016,209,90,1,1,2,2,2,2,7,8,0
wro4j,0,0,0,0,0,1,0,0,0,4,1,15,0.036,210,90,1,1,2,2,2,2,7,8,0
wro4j,0,0,0,0,0,1,0,0,0,4,0,9,0.021,202,91,1,1,2,2,2,2,7,8,0
wro4j,0,0,0,0,0,1,0,0,0,4,0,9,1.393,188,99,1,1,2,2,2,4,7,10,0
wro4j,0,0,0,0,0,1,0,0,0,6,1,13,0.115,212,92,1,1,2,2,2,4,7,8,1
wro4j,0,0,0,0,0,1,0,0,0,5,1,11,0.018,213,92,1,1,2,2,2,2,7,8,1
wro4j,0,0,0,0,0,1,0,0,0,5,1,11,0.018,219,92,1,1,2,2,2,2,7,8,1
wro4j,0,0,0,0,0,0,0,0,0,4,0,0,0.001,3,3,0,0,0,0,0,0,0,0,0
wro4j,0,0,0,0,0,0,0,0,0,4,0,1,0.004,4,3,0,0,2,2,2,0,0,0,0
wro4j,0,0,0,0,0,0,0,0,0,6,1,7,0,14,4,0,0,0,0,0,0,0,8,3
wro4j,0,0,0,0,0,0,0,0,0,5,1,7,0.887,24,6,0,0,2,2,2,2,0,8,3
wro4j,0,0,0,0,0,1,0,0,1,5,1,3,0.001,10,3,0,0,0,0,0,0,0,5,0
wro4j,0,0,0,0,0,0,0,0,1,5,1,1,0.131,9,3,0,0,0,0,0,0,0,5,0
wro4j,0,0,0,0,0,0,0,0,0,3,0,0,0.001,3,2,0,0,2,2,2,2,2,0,0
wro4j,0,0,0,1,0,0,0,0,0,5,1,4,0,7,2,0,0,2,2,2,2,2,0,0
wro4j,0,1,0,1,0,0,0,0,0,7,2,5,0.509,7,2,0,0,2,2,2,2,2,7,0
wro4j,0,1,0,1,0,0,0,0,0,7,2,5,0,8,2,0,0,2,2,2,2,2,7,0
wro4j,0,0,0,0,0,0,0,0,0,3,1,0,0.001,3,3,0,0,0,0,0,0,0,0,0
wro4j,0,0,0,0,0,0,0,0,0,4,0,1,0.046,2,2,0,0,0,0,0,0,0,0,0
wro4j,0,0,0,0,0,0,0,0,0,4,0,1,0,4,2,0,0,0,0,0,0,0,0,0
wro4j,0,0,0,0,0,0,0,0,0,3,1,1,0.053,11,5,0,0,0,0,0,0,0,4,0
wro4j,0,1,0,1,0,0,0,0,0,9,4,6,0,8,3,0,0,0,0,0,0,0,4,0
wro4j,0,0,0,0,0,0,0,0,0,3,0,1,0.001,3,2,0,0,0,0,0,0,0,0,1
wro4j,0,0,0,0,0,0,0,0,0,3,0,0,0,2,2,0,0,0,0,0,0,0,0,0
wro4j,0,0,0,0,0,0,0,0,0,3,0,0,0.044,2,2,0,0,0,0,0,0,0,0,0
wro4j,0,1,0,1,0,0,0,0,0,7,2,5,0.001,8,3,0,0,0,0,0,0,0,5,0
wro4j,0,0,0,0,0,1,0,0,0,3,1,1,0.438,6,4,0,0,2,2,2,2,0,0,0
wro4j,0,0,0,0,0,1,0,0,0,3,0,4,1.135,33,15,0,0,2,2,2,2,2,4,0
wro4j,0,0,0,0,0,0,0,0,0,4,1,4,0.161,30,12,0,0,2,2,2,2,6,1,0
wro4j,0,0,0,1,0,1,0,0,0,4,1,4,0.056,31,12,0,0,2,2,2,2,6,1,0
wro4j,0,1,0,0,0,1,0,0,0,9,2,5,0.099,39,13,0,0,2,2,2,2,2,7,0
wro4j,0,1,0,1,0,0,0,0,0,6,2,3,0.05,30,12,0,0,2,2,2,2,2,1,0
wro4j,0,0,0,1,0,0,0,0,0,4,1,3,0.062,32,14,0,0,2,2,2,2,2,1,0
wro4j,0,0,0,0,0,1,0,0,0,3,0,3,0.025,26,10,0,0,2,2,2,2,2,1,0
wro4j,0,0,0,0,0,1,0,0,0,3,0,3,0.042,26,10,0,0,2,2,2,2,2,1,0
wro4j,0,1,0,0,0,0,0,0,0,5,2,8,0.987,37,13,0,0,2,2,2,2,2,7,1
wro4j,0,0,0,0,0,0,0,0,0,3,1,2,0.024,26,10,0,0,2,2,2,2,2,1,0
wro4j,0,0,0,0,0,0,0,0,0,3,1,4,0.034,30,10,0,0,2,2,2,2,2,7,0
wro4j,0,0,0,0,0,0,0,0,0,3,1,2,0.043,32,10,0,0,2,2,2,2,2,7,0
wro4j,0,1,0,1,0,1,0,0,0,17,4,10,0.084,38,11,0,0,2,2,2,2,2,7,0
wro4j,0,0,0,0,0,0,0,0,0,6,1,5,0.042,29,10,0,0,2,2,2,2,2,1,0
wro4j,0,1,0,0,0,0,0,0,0,4,2,3,0.035,27,10,0,0,2,2,2,2,2,1,0
wro4j,0,0,0,0,0,0,0,0,0,6,1,4,0.458,6,2,1,1,2,2,2,2,2,3,0
wro4j,0,0,0,0,0,0,0,0,0,6,1,4,0.001,6,2,1,1,2,2,2,2,2,3,0
wro4j,0,0,0,0,0,0,0,0,0,5,0,0,0.036,2,2,1,1,2,2,2,2,2,0,0
wro4j,1,0,0,0,1,0,0,0,0,17,1,12,0.589,36,6,1,1,3,3,3,3,3,4,1
wro4j,1,0,0,0,0,0,0,0,0,16,1,11,0.114,29,5,1,1,3,3,3,3,3,1,1
wro4j,0,0,0,0,0,0,0,0,0,3,1,1,0.543,26,15,0,0,2,2,2,2,2,5,0
wro4j,0,0,0,0,0,0,0,0,0,3,1,1,0.021,51,32,0,0,2,2,2,2,2,6,0
wro4j,0,0,0,0,0,0,0,0,0,3,1,1,0.385,56,31,0,0,2,2,2,2,2,7,0
wro4j,0,0,0,0,0,0,0,0,0,9,0,3,0.032,7,4,0,0,2,2,2,2,0,0,0
wro4j,0,0,0,1,0,0,0,0,0,4,1,3,0.008,25,11,0,0,2,2,2,2,2,7,0
wro4j,0,0,0,1,0,0,0,0,0,4,1,3,0.562,22,13,0,0,2,2,2,2,2,6,0
wro4j,0,0,0,1,0,0,0,0,0,3,1,4,0.12,33,20,0,0,2,2,2,2,2,7,0
wro4j,0,0,0,1,0,0,0,0,0,4,1,4,0.002,26,14,0,0,2,2,2,2,2,7,0
wro4j,0,0,0,0,0,0,0,0,0,9,1,3,0.001,8,3,0,0,2,2,2,2,0,0,0
wro4j,0,0,1,0,0,0,0,0,0,17,1,9,0.02,20,5,0,0,2,2,2,2,0,0,0
wro4j,0,1,0,0,0,0,0,0,1,5,3,5,0.019,16,6,0,0,2,2,2,2,0,0,0
wro4j,0,0,0,0,0,0,0,0,1,7,1,8,0.001,15,5,0,0,2,2,2,2,0,0,0
wro4j,0,0,0,0,0,0,0,0,0,3,0,0,0.06,3,2,0,0,2,2,2,2,2,0,0
wro4j,0,0,0,0,0,0,0,0,0,9,0,4,0.016,10,4,0,0,2,2,2,2,2,6,2
wro4j,0,1,0,0,0,1,0,0,0,10,2,5,0.05,14,5,0,0,2,2,2,2,2,6,0
wro4j,0,1,0,0,0,0,0,0,0,11,3,1,0.07,5,5,0,0,2,2,2,2,2,0,0
wro4j,0,0,0,0,0,0,0,0,0,3,0,2,0.007,18,9,0,0,0,0,0,0,0,5,0
wro4j,0,0,0,0,0,0,0,0,0,3,0,2,0.013,6,4,0,0,0,0,0,0,0,0,0
wro4j,0,0,0,0,0,0,0,0,0,3,0,3,0.012,18,9,0,0,0,0,0,0,0,5,0
wro4j,0,0,0,0,0,0,0,0,0,4,0,3,0.413,22,10,0,0,0,0,0,0,0,5,0
wro4j,0,0,0,0,0,0,0,0,0,3,0,2,0.006,19,10,0,0,0,0,0,0,0,5,0
wro4j,0,0,0,1,1,0,0,0,0,37,0,5,0.458,26,12,0,0,0,0,0,0,0,6,2
wro4j,0,1,0,1,0,0,0,0,0,15,2,3,0.071,18,10,0,0,0,0,0,0,0,5,0
wro4j,0,1,0,1,0,0,0,0,0,15,2,2,1.372,24,11,0,0,2,2,2,2,2,5,0
wro4j,0,0,0,1,0,0,0,0,0,11,0,3,0.14,17,9,0,0,0,0,0,0,0,5,0
wro4j,0,0,0,0,0,0,0,0,0,4,1,2,0.001,4,2,0,0,0,0,0,0,0,0,0
wro4j,0,0,0,0,0,0,0,0,0,4,1,2,0.024,4,2,0,0,0,0,0,0,0,1,0
wro4j,0,0,0,0,0,0,0,0,0,3,0,2,2.045,11,3,0,0,2,2,2,2,0,0,1
wro4j,0,0,0,0,0,0,0,0,0,4,1,2,0,3,2,0,0,0,0,0,0,0,0,1
wro4j,0,0,0,0,0,0,0,0,0,4,1,3,0.006,4,2,0,0,0,0,0,0,0,0,3
wro4j,0,0,0,0,0,0,0,0,0,4,1,2,0,5,2,0,0,0,0,0,0,0,0,1
wro4j,0,0,0,0,0,0,0,0,0,4,1,2,0.013,6,2,0,0,0,0,0,0,0,0,1
wro4j,0,0,0,0,0,0,0,0,0,4,1,2,0.014,3,2,0,0,0,0,0,0,0,0,1
wro4j,0,0,0,0,0,0,0,0,0,3,1,1,0.003,5,2,0,0,2,2,2,2,2,0,0
wro4j,0,0,0,0,0,0,0,0,0,5,1,3,0.022,5,2,0,0,2,2,2,2,0,0,0
wro4j,0,0,0,0,0,0,0,0,0,6,1,3,0.002,8,2,0,0,2,2,2,2,2,0,3
wro4j,0,0,0,0,0,0,0,0,0,6,1,3,0.001,8,2,0,0,2,2,2,2,2,0,3
wro4j,0,1,0,0,0,0,0,0,0,39,11,5,0.063,16,2,0,0,0,0,0,0,0,0,5
wro4j,0,1,0,0,0,0,0,0,0,5,3,3,0.004,19,2,0,0,2,2,2,2,2,0,0
