handlebars.java,0,0,0,0,0,1,0,0,0,4,0,4,0.071,110,41,0,1,2,2,2,2,2,2,0
handlebars.java,0,0,0,0,0,1,0,0,0,5,0,4,0.024,94,35,0,1,2,2,2,2,2,2,0
handlebars.java,0,0,0,0,0,1,0,0,0,4,0,3,0.023,96,35,0,1,2,2,2,2,2,2,0
handlebars.java,0,0,0,0,0,1,0,0,0,4,0,7,2.812,100,55,0,1,2,2,2,2,2,2,1
handlebars.java,0,1,0,0,0,1,0,0,0,9,2,7,0.001,11,2,0,0,1,1,1,1,1,1,0
handlebars.java,0,1,0,0,0,1,0,0,0,9,2,7,0.257,18,5,0,0,1,1,1,1,1,1,0
handlebars.java,0,1,0,1,0,1,0,0,0,9,3,8,0,24,8,0,0,0,0,0,0,1,1,0
handlebars.java,0,1,0,1,0,1,0,0,0,14,5,14,0.001,35,9,0,0,0,0,0,1,1,1,0
handlebars.java,0,1,0,1,0,1,0,0,0,8,2,6,0,21,8,0,0,0,0,0,0,1,1,0
handlebars.java,0,1,0,1,0,0,0,0,0,6,3,9,0.002,35,9,0,0,0,0,0,1,2,2,0
handlebars.java,0,1,0,1,0,0,0,0,0,6,3,10,0.014,36,10,0,0,0,0,0,1,2,2,0
handlebars.java,0,1,0,1,0,0,0,0,0,5,2,4,0.059,18,9,0,0,0,0,0,0,1,1,0
handlebars.java,0,1,0,1,0,1,0,0,0,14,5,16,0.007,48,9,0,0,0,0,0,1,2,2,0
handlebars.java,0,1,0,1,0,1,0,0,0,10,3,7,0.004,18,4,0,0,0,0,0,0,1,1,0
handlebars.java,0,1,0,1,0,0,0,0,0,9,2,9,0.001,20,5,0,0,0,0,0,0,1,1,0
handlebars.java,0,1,0,1,0,0,0,0,0,15,2,10,0.011,36,10,0,0,0,0,0,1,2,2,0
handlebars.java,0,1,0,1,0,0,0,0,0,5,2,4,0.013,11,4,0,0,0,0,0,0,1,1,0
handlebars.java,0,0,0,0,0,0,0,0,0,5,1,3,0,9,4,0,0,0,0,0,0,1,1,0
handlebars.java,0,0,0,0,0,0,0,0,0,3,0,0,0.066,5,2,0,0,0,0,0,0,1,1,0
handlebars.java,0,1,0,1,0,0,0,0,0,13,4,14,0.001,33,7,0,0,0,0,0,1,1,1,0
handlebars.java,0,1,0,1,0,0,0,0,0,7,2,7,0.008,18,5,0,0,0,0,0,0,1,1,0
handlebars.java,0,1,0,1,0,0,0,0,0,16,2,8,0.01,35,9,0,0,0,0,0,1,2,2,0
handlebars.java,0,1,0,1,0,0,0,0,0,5,2,4,0.001,11,4,0,0,0,0,0,0,1,1,0
handlebars.java,0,0,1,0,0,0,0,0,0,11,0,16,2.426,99,53,0,1,2,2,2,2,2,2,4
handlebars.java,0,0,1,0,0,0,0,0,0,11,0,20,0.156,124,44,0,1,2,2,2,2,2,2,6
handlebars.java,0,0,0,1,0,0,0,0,0,7,0,14,0.009,90,35,0,1,2,2,2,2,2,2,7
handlebars.java,0,0,0,1,0,0,0,0,0,7,0,13,0.034,89,35,0,1,2,2,2,2,2,2,7
handlebars.java,0,0,0,1,0,0,0,0,0,7,0,13,0.017,90,35,0,1,2,2,2,2,2,2,7
handlebars.java,0,0,0,1,0,0,0,0,0,7,0,13,0.003,91,35,0,1,2,2,2,2,2,2,7
handlebars.java,0,0,0,1,0,0,0,0,0,7,0,13,0.013,90,35,0,1,2,2,2,2,2,2,7
handlebars.java,0,0,0,0,0,0,0,0,0,6,0,13,2.672,148,75,0,1,2,2,2,2,2,2,7
handlebars.java,0,0,0,1,0,0,0,0,0,7,0,13,0.017,90,35,0,1,2,2,2,2,2,2,7
handlebars.java,0,0,0,0,0,1,0,0,0,7,0,7,2.811,114,61,0,1,2,2,2,2,2,2,0
handlebars.java,0,0,0,0,0,1,0,0,0,3,0,5,0.022,104,42,0,1,2,2,2,2,2,2,1
handlebars.java,0,0,0,0,0,1,0,0,0,8,1,9,0.023,124,45,0,1,2,2,2,2,2,2,0
handlebars.java,0,0,0,0,0,1,0,0,0,3,0,4,0.524,117,44,0,1,2,2,2,2,2,2,0
handlebars.java,0,0,0,0,0,1,0,0,0,24,0,19,0.022,98,33,0,1,2,2,2,2,2,2,1
handlebars.java,0,0,0,0,0,1,0,0,0,25,0,20,2.548,114,58,0,1,2,2,2,2,2,2,1
handlebars.java,0,1,0,0,0,1,0,0,0,4,2,2,0.003,4,2,0,0,1,1,1,1,1,1,0
handlebars.java,0,0,0,0,0,1,0,0,0,4,0,2,0.002,4,2,0,0,1,1,1,1,1,1,0
handlebars.java,0,0,0,0,0,1,0,0,0,3,1,1,0.027,4,3,0,0,1,1,1,1,1,1,0
handlebars.java,0,0,0,0,0,1,0,0,0,3,1,1,0.004,3,2,0,0,1,1,1,1,1,1,0
handlebars.java,0,0,0,0,0,1,0,0,0,4,0,4,0.038,86,31,0,1,2,2,2,2,2,2,0
handlebars.java,0,0,0,0,0,1,0,0,0,3,0,3,0.011,72,30,0,1,2,2,2,2,2,2,0
handlebars.java,0,0,0,0,0,1,0,0,0,3,0,3,0.018,86,31,0,1,2,2,2,2,2,2,0
handlebars.java,0,0,0,0,0,1,0,0,0,3,0,3,0.014,86,31,0,1,2,2,2,2,2,2,0
handlebars.java,0,0,0,0,0,1,0,0,0,3,0,3,2.586,87,47,0,1,2,2,2,2,2,2,0
handlebars.java,0,0,0,0,0,0,0,0,0,3,1,1,0.034,5,3,0,0,0,0,0,0,1,1,0
handlebars.java,0,0,0,0,0,0,0,0,0,3,1,0,0.008,3,2,0,0,0,0,0,0,1,1,0
handlebars.java,0,0,0,0,0,0,0,0,0,3,1,0,0.003,3,2,0,0,0,0,0,0,1,1,0
handlebars.java,0,0,0,0,0,1,0,0,0,3,1,1,0.001,4,2,0,0,0,0,0,0,1,1,0
handlebars.java,0,0,0,0,0,0,0,0,0,3,1,0,0,3,2,0,0,0,0,0,0,1,1,0
handlebars.java,0,0,0,0,0,0,0,0,0,3,1,0,0.001,3,2,0,0,0,1,1,1,1,1,0
handlebars.java,0,0,0,0,0,0,0,0,0,3,1,1,0,4,3,0,0,0,0,0,0,1,1,0
handlebars.java,0,1,0,0,0,0,0,0,0,10,6,7,0.041,17,2,0,0,0,0,0,0,1,1,0
handlebars.java,0,0,0,0,0,0,0,0,0,3,0,3,2.808,102,54,0,1,2,2,2,2,2,2,0
handlebars.java,0,0,0,0,0,0,0,0,0,3,0,0,0.049,84,33,0,1,2,2,2,2,2,2,0
handlebars.java,0,0,0,0,0,0,0,0,0,3,0,1,0.017,87,33,0,1,2,2,2,2,2,2,0
handlebars.java,0,0,0,0,0,0,0,0,0,3,0,3,0.009,63,23,0,1,2,2,2,2,2,2,0
handlebars.java,0,0,0,0,0,0,0,0,0,3,0,0,0.035,79,29,0,1,2,2,2,2,2,2,0
handlebars.java,0,0,0,0,0,0,0,0,0,4,0,0,0.029,68,28,0,1,2,2,2,2,2,2,0
handlebars.java,0,0,0,0,0,1,0,0,0,8,0,1,2.637,90,50,0,1,2,2,2,2,2,2,0
handlebars.java,0,0,0,0,0,1,0,0,0,10,0,3,0.021,90,39,0,1,2,2,2,2,2,2,0
handlebars.java,0,0,0,0,0,0,0,0,0,8,0,0,0.119,61,23,0,1,2,2,2,2,2,2,0
handlebars.java,0,0,0,0,0,1,0,0,0,8,0,1,0.011,64,27,0,1,2,2,2,2,2,2,0
handlebars.java,0,0,0,0,0,1,0,0,0,10,0,4,0.04,95,38,0,1,2,2,2,2,2,2,0
handlebars.java,0,0,1,0,0,0,0,0,0,11,0,17,2.521,122,69,0,1,2,2,2,2,2,2,4
handlebars.java,0,0,1,0,0,0,0,0,0,11,0,18,0.035,131,52,0,1,2,2,2,2,2,2,6
handlebars.java,0,0,1,0,0,0,0,0,0,11,0,14,0.033,103,48,0,1,2,2,2,2,2,2,6
handlebars.java,0,0,1,0,0,0,0,0,0,11,0,16,0.038,107,48,0,1,2,2,2,2,2,2,6
handlebars.java,0,0,1,0,0,0,0,0,0,11,0,14,0.043,101,47,0,1,2,2,2,2,2,2,6
handlebars.java,0,0,1,0,0,0,0,0,0,11,0,13,0.025,86,36,0,1,2,2,2,2,2,2,6
handlebars.java,0,0,1,0,0,0,0,0,0,11,0,16,0.041,123,48,0,1,2,2,2,2,2,2,6
handlebars.java,0,0,1,0,0,0,0,0,0,11,0,17,0.043,123,48,0,1,2,2,2,2,2,2,6
handlebars.java,0,0,1,0,0,0,0,0,0,11,0,14,0.03,93,43,0,1,2,2,2,2,2,2,6
handlebars.java,0,0,1,0,0,0,0,0,0,11,0,14,0.038,94,43,0,1,2,2,2,2,2,2,6
handlebars.java,0,0,1,0,0,0,0,0,0,11,0,13,0.044,106,43,0,1,2,2,2,2,2,2,6
handlebars.java,0,0,1,0,0,0,0,0,0,11,0,15,0.032,118,51,0,1,2,2,2,2,2,2,6
handlebars.java,0,0,1,0,0,0,0,0,0,11,0,16,0.041,123,48,0,1,2,2,2,2,2,2,6
handlebars.java,0,0,1,0,0,0,0,0,0,11,0,15,0.038,107,48,0,1,2,2,2,2,2,2,6
handlebars.java,0,0,1,0,0,0,0,0,0,11,0,14,0.03,114,48,0,1,2,2,2,2,2,2,6
handlebars.java,0,0,1,0,0,0,0,0,0,11,0,18,0.041,116,47,0,1,2,2,2,2,2,2,6
handlebars.java,0,0,1,0,0,0,0,0,0,11,0,14,0.025,100,46,0,1,2,2,2,2,2,2,6
handlebars.java,0,0,1,0,0,0,0,0,0,11,0,15,0.04,110,50,0,1,2,2,2,2,2,2,6
handlebars.java,0,0,1,0,0,0,0,0,0,11,0,14,0.022,106,48,0,1,2,2,2,2,2,2,6
handlebars.java,0,1,0,0,0,1,0,0,0,10,3,4,0.056,11,3,0,0,0,0,0,0,1,1,1
handlebars.java,0,1,0,0,0,1,0,0,0,8,2,3,0.05,9,2,0,0,0,0,0,0,1,1,0
handlebars.java,0,1,0,0,0,1,0,0,0,12,3,3,0.05,12,2,0,0,0,0,0,0,1,1,0
handlebars.java,0,1,0,0,0,1,0,0,0,19,3,3,0.077,14,3,0,0,0,0,0,0,1,1,0
handlebars.java,0,1,0,0,0,0,0,0,0,19,3,6,2.375,41,20,0,0,0,0,0,0,1,1,4
handlebars.java,0,1,0,0,0,1,0,0,0,10,3,3,0.024,11,3,0,0,0,0,0,0,1,1,0
handlebars.java,0,1,0,0,0,1,0,0,0,10,3,3,0.059,11,3,0,0,0,0,0,0,1,1,0
handlebars.java,0,1,0,0,0,1,0,0,0,24,3,9,0.073,15,2,0,0,0,0,0,0,1,1,0
handlebars.java,1,0,0,0,1,1,0,0,0,12,1,4,1.01,11,3,0,0,0,0,0,0,2,2,0
handlebars.java,0,1,0,0,0,1,0,0,0,17,4,4,0.04,17,3,0,0,0,0,0,0,2,2,0
handlebars.java,0,1,0,0,0,1,0,0,0,19,3,3,0.069,15,3,0,0,0,0,0,0,1,1,0
handlebars.java,0,0,0,0,0,1,0,0,0,5,1,1,0.067,6,2,0,0,0,0,0,0,1,1,0
handlebars.java,0,0,0,0,0,1,0,0,0,5,1,1,0.008,6,2,0,0,0,0,0,0,1,1,0
handlebars.java,0,0,0,0,0,1,0,0,0,5,1,1,0.02,6,2,0,0,0,0,0,0,1,1,0
handlebars.java,0,0,0,0,0,1,0,0,0,5,1,1,0.016,6,2,0,0,0,0,0,0,1,1,0
handlebars.java,0,0,0,0,0,1,0,0,0,5,1,1,0.032,9,2,0,0,0,0,0,0,1,1,0
handlebars.java,0,0,0,0,0,1,0,0,0,4,0,1,0.039,79,34,0,1,2,2,2,2,2,2,0
handlebars.java,0,0,0,0,0,1,0,0,0,3,0,5,2.86,107,58,0,1,2,2,2,2,2,2,0
handlebars.java,0,0,0,0,0,1,0,0,0,15,0,3,0.213,75,31,0,1,2,2,2,2,2,2,0
handlebars.java,0,0,0,0,0,1,0,0,0,3,0,1,0.023,80,34,0,1,2,2,2,2,2,2,0
handlebars.java,0,0,0,0,0,0,0,0,0,3,0,0,0.023,87,34,0,1,2,2,2,2,2,2,0
handlebars.java,0,0,0,0,0,0,0,0,0,3,0,0,0.057,80,32,0,1,2,2,2,2,2,2,0
handlebars.java,0,0,0,0,0,1,0,0,0,3,0,1,0.048,77,32,0,1,2,2,2,2,2,2,0
handlebars.java,0,0,0,0,0,1,0,0,0,23,0,16,0.1,136,44,0,1,2,2,2,2,3,3,5
handlebars.java,0,0,0,0,0,1,0,0,0,21,0,22,2.733,119,55,0,1,2,2,2,2,2,2,6
handlebars.java,0,0,0,0,0,0,0,0,1,12,1,2,1.146,98,55,0,1,2,2,2,2,2,2,7
handlebars.java,0,0,0,0,0,0,0,0,1,12,1,5,0.112,74,34,0,1,2,2,2,2,2,2,9
handlebars.java,0,0,0,0,0,0,0,0,1,12,1,5,0.051,78,33,0,1,2,2,2,2,2,2,8
handlebars.java,0,0,0,0,0,1,0,0,0,4,1,1,2.496,66,34,0,1,2,2,2,2,2,2,0
handlebars.java,0,0,0,0,0,1,0,0,0,3,1,1,0.091,53,23,0,1,2,2,2,2,2,2,0
handlebars.java,0,0,0,0,0,1,0,0,0,3,1,1,0.028,61,21,0,1,2,2,2,2,2,2,0
handlebars.java,0,0,0,0,0,1,0,0,0,3,1,1,0.049,49,21,0,1,2,2,2,2,2,2,0
handlebars.java,0,0,0,0,0,1,0,0,0,3,1,1,0.031,55,25,0,1,2,2,2,2,2,2,0
handlebars.java,0,0,0,0,0,1,0,0,0,9,0,5,0.021,6,2,0,0,2,2,2,2,2,2,6
handlebars.java,0,0,0,0,0,1,0,0,0,5,0,5,0.984,6,2,0,0,2,2,2,2,2,2,6
handlebars.java,0,0,0,0,0,1,0,0,0,3,0,5,0.027,6,2,0,0,2,2,2,2,2,2,6
handlebars.java,0,0,0,0,0,1,0,0,0,5,0,5,0.025,6,2,0,0,2,2,2,2,2,2,6
handlebars.java,0,0,0,0,0,1,0,0,0,3,0,5,0.012,6,2,0,0,2,2,2,2,2,2,6
handlebars.java,0,0,0,0,0,1,0,0,0,3,0,5,0.019,6,2,0,0,2,2,2,2,2,2,6
handlebars.java,0,0,0,0,0,1,0,0,0,3,0,5,0.011,6,2,0,0,2,2,2,2,2,2,6
handlebars.java,0,0,0,0,0,1,0,0,0,5,0,6,0.071,7,2,0,0,2,2,2,2,2,2,6
handlebars.java,0,0,0,0,0,1,0,0,0,3,0,5,0.008,6,2,0,0,2,2,2,2,2,2,6
handlebars.java,0,0,0,0,0,1,0,0,0,9,0,5,0.026,6,2,0,0,2,2,2,2,2,2,6
handlebars.java,0,0,0,0,0,1,0,0,0,3,0,7,0.02,8,2,0,0,2,2,2,2,2,2,7
handlebars.java,0,0,0,0,0,1,0,0,0,17,0,5,0.048,6,2,0,0,2,2,2,2,2,2,6
handlebars.java,0,0,0,0,0,0,0,0,0,3,1,1,0.101,4,3,0,0,0,0,0,0,1,1,0
handlebars.java,0,0,0,0,0,0,0,0,0,3,0,1,0.003,3,3,0,0,0,0,0,0,1,1,1
handlebars.java,0,0,0,0,0,0,0,0,0,3,1,1,0.001,4,3,0,0,0,0,0,0,1,1,0
handlebars.java,0,0,0,0,0,0,0,0,0,4,0,1,0.005,5,4,0,0,0,0,1,1,1,1,0
handlebars.java,0,0,0,0,0,1,0,0,0,6,1,4,1.725,10,5,0,0,1,1,1,1,2,2,0
handlebars.java,0,0,0,0,0,0,0,0,0,6,1,1,0.004,5,4,0,0,0,0,1,1,1,1,0
handlebars.java,0,0,0,0,0,0,0,0,0,6,1,1,0.001,5,4,0,0,0,0,1,1,1,1,0
handlebars.java,0,0,0,0,0,1,0,0,0,7,1,2,0.008,6,4,0,0,0,0,1,1,1,1,0
handlebars.java,0,0,0,0,0,1,0,0,0,7,1,2,0.041,6,4,0,0,0,0,1,1,1,1,0
handlebars.java,0,0,0,0,0,0,1,1,1,5,0,2,0.006,6,4,0,0,0,0,0,0,1,1,0
handlebars.java,0,0,0,0,0,1,1,1,1,7,1,5,0.002,10,4,0,0,1,1,1,1,1,1,0
handlebars.java,0,0,0,0,0,0,0,0,0,7,1,0,0.093,4,3,0,0,0,0,0,0,1,1,0
handlebars.java,0,0,0,0,0,0,0,0,0,7,1,0,0.007,4,3,0,0,0,0,0,0,1,1,0
handlebars.java,0,0,0,0,0,0,1,1,1,7,1,2,0.001,6,4,0,0,0,0,0,0,1,1,0
handlebars.java,0,0,0,0,0,0,1,1,1,7,1,3,1.537,8,5,0,0,0,0,0,0,1,1,0
handlebars.java,0,0,0,0,0,1,0,0,0,17,1,11,0.004,16,4,0,0,1,1,1,1,1,1,1
handlebars.java,0,0,0,0,0,0,0,0,0,13,0,5,0.02,10,4,0,0,1,1,1,1,1,1,0
handlebars.java,0,0,0,0,0,1,0,0,0,20,1,11,0.001,16,4,0,0,1,1,1,1,1,1,1
handlebars.java,0,0,0,0,0,1,0,0,0,20,1,11,0.008,16,4,0,0,1,1,1,1,1,1,1
handlebars.java,0,0,0,0,0,1,0,0,0,21,1,12,2.811,18,5,0,0,1,1,1,1,1,1,1
handlebars.java,0,0,0,0,0,1,0,0,0,19,1,12,0.016,17,4,0,0,1,1,1,1,1,1,1
handlebars.java,0,0,0,0,0,1,0,0,0,3,0,3,0.044,75,32,0,1,2,2,2,2,2,2,0
handlebars.java,0,0,0,0,0,1,0,0,0,3,0,3,0.032,85,38,0,1,2,2,2,2,2,2,0
handlebars.java,0,0,0,0,0,1,0,0,0,3,0,1,2.667,89,49,0,1,2,2,2,2,2,2,0
handlebars.java,0,0,0,0,0,1,0,0,0,3,0,3,0.015,76,32,0,1,2,2,2,2,2,2,0
handlebars.java,0,0,0,0,0,1,0,0,0,3,0,3,0.049,85,38,0,1,2,2,2,2,2,2,0
handlebars.java,0,0,0,0,0,1,0,0,0,3,0,3,0.016,76,32,0,1,2,2,2,2,2,2,0
handlebars.java,0,0,0,0,0,1,0,0,0,3,0,3,0.003,73,33,0,1,2,2,2,2,2,2,0
handlebars.java,0,0,0,0,0,1,0,0,0,3,0,3,0.024,103,41,0,1,2,2,2,2,2,2,0
handlebars.java,0,0,0,0,0,1,0,0,0,3,0,3,0.015,77,34,0,1,2,2,2,2,2,2,0
handlebars.java,0,0,0,0,0,1,0,0,0,9,0,6,0.113,80,34,0,1,2,2,2,2,2,2,0
handlebars.java,0,0,0,0,0,1,0,0,0,7,0,5,2.832,111,57,0,1,2,2,2,2,2,2,0
handlebars.java,0,0,0,0,0,0,0,0,0,5,0,2,2.924,122,57,0,1,2,2,2,2,2,2,1
handlebars.java,0,0,0,0,0,1,0,0,0,31,0,3,2.833,105,58,0,1,2,2,2,2,2,2,0
handlebars.java,0,0,0,0,0,1,0,0,0,8,1,5,2.883,66,38,0,1,2,2,2,2,2,2,0
handlebars.java,0,0,0,0,0,1,0,0,0,16,1,6,0.105,13,3,0,0,0,0,0,0,2,2,1
handlebars.java,0,0,0,0,0,1,0,0,0,11,1,5,0.031,10,3,0,0,0,0,0,0,1,1,0
handlebars.java,0,0,0,0,0,1,0,0,0,17,1,7,0.042,14,3,0,0,0,0,0,0,2,2,1
handlebars.java,0,0,0,0,0,1,0,0,0,16,1,7,0.035,16,3,0,0,0,0,0,0,1,1,1
handlebars.java,0,0,0,0,0,1,0,0,0,14,1,5,4.504,9,3,0,0,0,0,0,0,1,1,0
handlebars.java,0,0,0,0,0,1,0,0,0,16,1,6,3.763,9,3,0,0,0,1,1,1,1,1,1
handlebars.java,0,0,0,0,0,1,0,0,0,11,1,5,0.004,10,3,0,0,0,1,1,1,1,1,0
handlebars.java,0,0,0,0,0,1,0,0,0,17,1,7,0.016,14,3,0,0,0,1,1,1,1,1,1
handlebars.java,0,0,0,0,0,1,0,0,0,16,1,7,0.018,18,3,0,0,0,1,1,1,1,1,1
handlebars.java,0,0,0,0,0,1,0,0,0,14,1,5,0.508,14,3,0,0,0,1,1,1,1,1,0
handlebars.java,0,1,0,0,0,0,0,0,0,6,2,3,0.017,6,2,0,0,0,1,1,1,1,1,0
handlebars.java,0,0,0,0,0,0,0,0,0,9,1,2,2.986,4,2,0,0,0,1,1,1,1,1,0
handlebars.java,0,1,0,0,0,1,0,0,0,16,2,2,0.076,5,3,0,0,0,1,1,1,1,1,0
handlebars.java,0,0,0,0,0,1,0,0,0,14,1,2,1.839,5,3,0,0,0,1,1,1,1,1,0
handlebars.java,0,1,0,0,0,1,0,0,0,10,2,2,0.101,4,2,0,0,0,1,1,1,1,1,2
handlebars.java,0,0,0,0,0,1,0,0,0,15,1,2,0.079,9,2,0,0,0,1,1,1,1,1,2
handlebars.java,0,0,0,0,0,1,0,0,0,21,1,18,4.833,21,2,0,0,0,0,0,0,1,1,0
handlebars.java,0,0,0,0,0,1,0,0,0,10,0,3,0.082,70,26,0,1,2,2,2,2,2,2,0
handlebars.java,0,1,0,0,0,1,0,0,0,12,3,6,2.509,88,44,0,1,2,2,2,2,2,2,0
handlebars.java,0,0,0,0,0,1,0,0,0,13,1,9,2.814,105,53,0,1,2,2,2,2,2,2,0
handlebars.java,0,0,0,0,0,0,0,0,0,3,1,1,0.019,6,3,0,0,0,0,0,0,1,1,0
handlebars.java,0,0,0,0,0,0,0,0,0,3,1,0,0.004,3,2,0,0,0,0,0,0,1,1,0
handlebars.java,0,0,0,0,0,0,0,0,0,3,1,0,0.001,3,2,0,0,0,0,0,0,1,1,0
handlebars.java,0,0,0,0,0,0,0,0,0,3,1,0,0.01,3,2,0,0,0,0,0,0,1,1,0
handlebars.java,0,0,0,0,0,1,0,0,0,3,1,1,0.002,4,2,0,0,0,0,0,0,1,1,0
handlebars.java,0,0,0,0,0,0,0,0,0,3,1,0,0.006,3,2,0,0,0,1,1,1,1,1,0
handlebars.java,0,0,0,0,0,0,0,0,0,3,1,1,0.004,4,3,0,0,0,0,0,0,1,1,0
handlebars.java,0,0,0,0,0,1,0,0,0,4,0,10,0.015,80,33,0,1,2,2,2,2,2,2,5
handlebars.java,0,0,0,0,0,0,0,0,0,4,0,10,0.017,91,35,0,1,2,2,2,2,2,2,5
handlebars.java,0,0,0,0,0,1,0,0,0,3,0,10,0.015,80,32,0,1,2,2,2,2,2,2,5
handlebars.java,0,0,0,0,0,1,0,0,0,11,1,11,0.008,81,36,0,1,2,2,2,2,2,2,4
handlebars.java,0,0,0,0,0,1,0,0,0,11,1,14,2.618,103,58,0,1,2,2,2,2,2,2,4
handlebars.java,0,0,0,0,0,1,0,0,0,3,0,10,0.011,81,34,0,1,2,2,2,2,2,2,5
handlebars.java,0,0,0,0,0,0,0,0,0,3,0,11,0.007,90,35,0,1,2,2,2,2,2,2,5
handlebars.java,0,0,0,0,0,1,0,0,0,3,0,11,0.009,92,36,0,1,2,2,2,2,2,2,5
handlebars.java,0,0,0,0,0,0,0,0,0,3,0,10,0.031,90,36,0,1,2,2,2,2,2,2,5
handlebars.java,0,0,0,0,0,1,0,0,0,3,0,10,0.032,80,32,0,1,2,2,2,2,2,2,5
handlebars.java,0,0,0,0,0,0,0,0,0,3,0,9,0.008,83,35,0,1,2,2,2,2,2,2,5
handlebars.java,0,0,0,0,0,1,0,0,0,11,1,11,0.038,81,36,0,1,2,2,2,2,2,2,4
handlebars.java,0,0,0,0,0,1,0,0,0,11,1,11,0.004,81,36,0,1,2,2,2,2,2,2,4
handlebars.java,0,0,0,0,0,0,0,0,0,3,0,11,0.01,53,18,0,0,2,2,2,2,2,2,5
handlebars.java,0,0,0,0,0,0,0,0,0,3,0,12,0.011,54,18,0,0,2,2,2,2,2,2,5
handlebars.java,0,0,0,0,0,0,0,0,0,3,0,11,2.478,63,31,0,1,2,2,2,2,2,2,5
handlebars.java,0,0,0,0,0,0,0,0,0,3,0,10,0.006,53,18,0,0,2,2,2,2,2,2,5
handlebars.java,0,0,0,0,0,0,0,0,0,3,0,10,0.038,54,18,0,0,2,2,2,2,2,2,5
handlebars.java,0,0,0,0,0,0,0,0,0,3,0,10,0.028,52,17,0,0,2,2,2,2,2,2,5
handlebars.java,0,0,0,0,0,0,0,0,0,3,0,10,0.021,53,17,0,0,2,2,2,2,2,2,5
handlebars.java,0,0,0,0,0,0,0,0,0,3,0,10,0.011,53,17,0,0,2,2,2,2,2,2,5
handlebars.java,0,0,0,0,0,0,0,0,0,3,0,10,0.005,53,17,0,0,2,2,2,2,2,2,5
handlebars.java,0,0,0,0,0,0,0,0,0,3,0,10,0.007,53,17,0,0,2,2,2,2,2,2,5
handlebars.java,0,0,0,0,0,0,0,0,0,3,0,12,0.034,58,17,0,0,2,2,2,2,2,2,5
handlebars.java,0,0,0,0,0,0,0,0,0,3,0,11,0.007,65,23,0,1,2,2,2,2,2,2,5
handlebars.java,0,0,0,0,0,0,0,0,0,3,0,11,0.016,63,22,0,1,2,2,2,2,2,2,5
handlebars.java,0,0,0,0,0,0,0,0,0,3,0,10,0.005,53,18,0,0,2,2,2,2,2,2,5
handlebars.java,0,0,0,0,0,0,0,0,0,3,0,11,0.012,61,20,0,1,2,2,2,2,2,2,5
handlebars.java,0,0,0,0,0,0,0,0,0,3,0,10,0.021,52,17,0,0,2,2,2,2,2,2,5
handlebars.java,0,0,0,0,0,0,0,0,0,3,0,11,0.019,59,19,0,1,2,2,2,2,2,2,5
handlebars.java,0,0,0,0,0,0,0,0,0,3,0,11,0.013,59,19,0,1,2,2,2,2,2,2,5
handlebars.java,0,0,0,0,0,0,0,0,0,3,0,10,0.05,69,22,0,1,2,2,2,2,2,2,5
handlebars.java,0,0,0,0,0,0,0,0,0,3,0,11,0.038,54,18,0,0,2,2,2,2,2,2,6
handlebars.java,0,0,0,0,0,0,0,0,0,3,0,11,0.017,54,18,0,0,2,2,2,2,2,2,6
handlebars.java,0,0,0,0,0,0,0,0,0,3,0,10,0.012,52,17,0,0,2,2,2,2,2,2,5
handlebars.java,0,0,0,0,0,1,0,0,0,11,0,5,2.735,100,53,0,1,2,2,2,2,2,2,0
handlebars.java,0,0,0,0,0,0,0,0,0,14,1,1,4,101,59,0,1,2,2,2,2,2,2,0
handlebars.java,0,0,0,0,0,1,0,0,0,14,1,3,0.07,85,32,0,1,2,2,2,2,2,2,1
handlebars.java,0,0,0,0,0,1,0,0,0,14,1,3,0.074,85,32,0,1,2,2,2,2,2,2,1
handlebars.java,0,0,0,0,0,1,0,0,0,7,1,19,0.01,69,24,0,1,2,2,2,2,2,2,13
handlebars.java,0,1,0,0,0,1,0,0,0,13,3,18,0.006,74,24,0,1,2,2,2,2,2,2,13
handlebars.java,0,0,0,0,0,1,0,0,0,7,1,24,0.076,90,37,0,1,2,2,2,2,2,2,13
handlebars.java,0,0,0,0,0,1,0,0,0,7,1,20,0.025,84,35,0,1,2,2,2,2,2,2,13
handlebars.java,0,0,0,0,0,1,0,0,0,7,1,19,0.018,69,24,0,1,2,2,2,2,2,2,13
handlebars.java,0,1,0,0,0,1,0,0,0,13,3,20,2.729,93,44,0,1,2,2,2,2,2,2,13
handlebars.java,0,1,0,0,0,1,0,0,0,13,3,18,0.007,74,24,0,1,2,2,2,2,2,2,13
handlebars.java,0,1,0,0,0,1,0,0,0,14,4,24,0.021,75,24,0,1,2,2,2,2,2,2,13
handlebars.java,0,0,0,0,0,1,0,0,0,11,1,21,0.026,71,24,0,1,2,2,2,2,2,2,13
handlebars.java,0,0,0,0,0,1,0,0,0,27,1,5,0.048,117,36,0,1,2,2,2,2,2,2,0
handlebars.java,0,0,0,0,0,1,0,0,0,14,1,9,2.85,108,52,0,1,2,2,2,2,2,2,0
handlebars.java,0,0,0,0,0,1,0,0,0,5,1,2,0.027,70,22,0,1,2,2,2,2,2,2,6
handlebars.java,0,0,0,0,0,1,0,0,0,4,1,2,0.042,60,22,0,1,2,2,2,2,2,2,6
handlebars.java,0,0,0,0,0,1,0,0,0,5,1,2,0.021,58,22,0,1,2,2,2,2,2,2,6
handlebars.java,0,0,0,0,0,1,0,0,0,4,1,2,0.005,60,22,0,1,2,2,2,2,2,2,6
handlebars.java,0,0,0,0,0,1,0,0,0,5,1,2,0.035,63,23,0,1,2,2,2,2,2,2,6
handlebars.java,0,0,0,0,0,1,0,0,0,4,1,5,0.087,57,24,0,1,2,2,2,2,2,2,6
handlebars.java,0,0,0,0,0,1,0,0,0,3,1,2,0.019,49,20,0,1,2,2,2,2,2,2,6
handlebars.java,0,0,0,0,0,1,0,0,0,4,1,2,0.029,60,22,0,1,2,2,2,2,2,2,6
handlebars.java,0,0,0,0,0,1,0,0,0,3,1,3,2.778,62,38,0,1,2,2,2,2,2,2,6
handlebars.java,0,0,0,0,0,1,0,0,0,3,1,2,0.018,50,22,0,1,2,2,2,2,2,2,6
handlebars.java,0,0,0,0,0,1,0,0,0,3,1,2,0.022,50,22,0,1,2,2,2,2,2,2,6
handlebars.java,0,0,0,0,0,1,0,0,0,4,0,11,0.03,91,36,0,1,2,2,2,2,2,2,1
handlebars.java,0,0,0,0,0,0,0,0,0,4,0,16,0.024,117,40,0,1,2,2,2,2,2,2,1
handlebars.java,0,0,0,0,0,0,0,0,0,3,0,7,2.529,94,51,0,1,2,2,2,2,2,2,1
handlebars.java,0,0,0,0,0,0,0,0,0,3,0,11,0.026,76,29,0,1,2,2,2,2,2,2,1
handlebars.java,0,0,0,0,0,0,0,0,0,3,0,10,0.003,78,29,0,1,2,2,2,2,2,2,1
handlebars.java,0,0,0,0,0,0,0,0,0,3,0,9,0.008,79,29,0,1,2,2,2,2,2,2,1
handlebars.java,0,0,0,0,0,0,0,0,0,3,0,7,0.015,82,34,0,1,2,2,2,2,2,2,1
handlebars.java,0,0,0,0,0,0,0,0,0,4,0,8,0.015,78,33,0,1,2,2,2,2,2,2,1
handlebars.java,0,0,0,0,0,0,0,0,0,4,1,1,0.008,5,2,0,0,0,0,0,0,1,1,0
handlebars.java,0,0,0,0,0,1,0,0,0,5,1,1,0.002,6,2,0,0,0,0,0,0,1,1,0
handlebars.java,0,0,0,0,0,0,0,0,0,5,1,1,0.047,3,2,0,0,0,0,0,0,1,1,0
handlebars.java,0,0,0,0,0,1,0,0,0,7,1,12,0.043,96,30,0,1,2,2,2,2,2,2,4
handlebars.java,0,0,0,0,0,1,0,0,0,7,1,9,0.015,85,30,0,1,2,2,2,2,2,2,4
handlebars.java,0,0,0,0,0,1,0,0,0,5,1,9,0.008,59,23,0,1,2,2,2,2,2,2,4
handlebars.java,0,0,0,0,0,1,0,0,0,5,1,8,0.009,58,23,0,1,2,2,2,2,2,2,4
handlebars.java,0,0,0,0,0,1,0,0,0,5,1,9,0.01,64,25,0,1,2,2,2,2,2,2,4
handlebars.java,0,0,0,0,0,1,0,0,0,5,1,8,0.009,63,25,0,1,2,2,2,2,2,2,4
handlebars.java,0,0,0,0,0,1,0,0,0,5,1,8,0.006,63,25,0,1,2,2,2,2,2,2,4
handlebars.java,0,0,0,0,0,1,0,0,0,5,1,9,0.019,64,25,0,1,2,2,2,2,2,2,4
handlebars.java,0,0,0,0,0,1,0,0,0,5,1,8,0.026,58,23,0,1,2,2,2,2,2,2,4
handlebars.java,0,0,0,0,0,1,0,0,0,5,1,9,0.014,59,23,0,1,2,2,2,2,2,2,4
handlebars.java,0,0,0,0,0,1,0,0,0,6,1,9,0.023,60,24,0,1,2,2,2,2,2,2,4
handlebars.java,0,0,0,0,0,1,0,0,0,6,1,10,0.021,61,24,0,1,2,2,2,2,2,2,4
handlebars.java,0,0,0,0,0,1,0,0,0,5,1,9,0.019,66,25,0,1,2,2,2,2,2,2,4
handlebars.java,0,0,0,0,0,1,0,0,0,5,1,8,0.005,65,25,0,1,2,2,2,2,2,2,4
handlebars.java,0,0,0,0,0,1,0,0,0,5,1,9,0.021,59,23,0,1,2,2,2,2,2,2,4
handlebars.java,0,0,0,0,0,1,0,0,0,5,1,8,0.01,58,23,0,1,2,2,2,2,2,2,4
handlebars.java,0,0,0,0,0,1,0,0,0,7,1,9,0.012,85,30,0,1,2,2,2,2,2,2,4
handlebars.java,0,0,0,0,0,1,0,0,0,7,1,10,0.006,86,30,0,1,2,2,2,2,2,2,4
handlebars.java,0,0,0,0,0,1,0,0,0,12,1,13,0.054,80,33,0,1,2,2,2,2,2,2,4
handlebars.java,0,0,0,0,0,1,0,0,0,12,1,12,0.016,75,28,0,1,2,2,2,2,2,2,4
handlebars.java,0,0,0,0,0,1,0,0,0,12,1,12,0.009,74,28,0,1,2,2,2,2,2,2,4
handlebars.java,0,0,0,0,0,1,0,0,0,12,1,11,0.004,73,28,0,1,2,2,2,2,2,2,4
handlebars.java,0,0,0,0,0,1,0,0,0,6,1,9,0.009,61,24,0,1,2,2,2,2,2,2,4
handlebars.java,0,0,0,0,0,1,0,0,0,6,1,9,0.009,61,24,0,1,2,2,2,2,2,2,4
handlebars.java,0,0,0,0,0,0,0,0,0,5,1,12,2.806,83,45,0,1,2,2,2,2,2,2,5
handlebars.java,0,0,0,0,0,1,0,0,0,5,1,8,0.024,63,25,0,1,2,2,2,2,2,2,4
handlebars.java,0,0,0,0,0,1,0,0,0,9,0,5,0.03,104,37,0,1,2,2,2,2,2,2,0
handlebars.java,0,0,0,0,0,1,0,0,0,40,0,13,2.916,108,54,0,1,2,2,2,2,2,2,0
handlebars.java,0,0,0,1,0,1,0,0,0,26,1,15,1.869,18,2,0,0,0,0,0,0,1,1,0
handlebars.java,0,0,0,0,0,1,0,0,0,8,1,3,1.046,7,2,0,0,0,0,0,0,1,1,0
handlebars.java,0,1,0,0,0,1,0,0,0,13,2,6,0.012,13,3,0,0,0,1,1,1,1,1,0
handlebars.java,0,1,0,0,0,1,0,0,0,11,2,5,0.001,10,3,0,0,0,1,1,1,2,2,0
handlebars.java,0,1,0,0,0,1,0,0,0,17,3,8,0.013,18,3,0,0,0,1,1,1,2,2,0
handlebars.java,0,1,0,0,0,1,0,0,0,13,2,7,0.049,15,3,0,0,0,1,1,1,2,2,0
handlebars.java,0,1,0,0,0,1,0,0,0,13,2,7,0.003,15,3,0,0,0,1,1,1,2,2,0
handlebars.java,0,1,0,0,0,1,0,0,0,12,2,6,0.001,12,3,0,0,0,1,1,1,2,2,0
handlebars.java,0,1,0,0,0,1,0,0,0,12,2,6,0.011,12,3,0,0,0,1,1,1,2,2,0
handlebars.java,0,1,0,0,0,1,0,0,0,19,5,10,0.021,26,4,0,0,0,1,1,1,2,2,0
handlebars.java,0,0,0,0,0,1,0,0,0,4,0,16,2.478,102,56,1,1,2,2,2,2,2,2,6
handlebars.java,0,0,0,0,0,1,0,0,0,4,0,13,0.026,81,34,1,1,2,2,2,2,2,2,6
handlebars.java,0,0,0,0,0,1,0,0,0,4,0,12,0.023,79,34,1,1,2,2,2,2,2,2,6
handlebars.java,0,0,0,0,0,1,0,0,0,4,0,13,0.015,85,35,1,1,2,2,2,2,2,2,5
handlebars.java,0,0,0,0,0,1,0,0,0,4,0,12,0.027,79,34,1,1,2,2,2,2,2,2,6
handlebars.java,0,1,0,0,0,1,0,0,0,13,2,8,0.001,15,3,0,0,0,1,1,1,2,2,1
handlebars.java,0,1,0,0,0,1,0,0,0,13,2,8,0.008,15,3,0,0,0,1,1,1,2,2,1
handlebars.java,0,1,0,0,0,1,0,0,0,11,2,5,0.014,10,3,0,0,0,1,1,1,2,2,0
handlebars.java,0,1,0,0,0,1,0,0,0,13,2,7,0.006,15,3,0,0,0,1,1,1,2,2,0
handlebars.java,0,1,0,0,0,1,0,0,0,13,2,7,0.008,15,3,0,0,0,1,1,1,2,2,0
handlebars.java,0,1,0,0,0,1,0,0,0,11,2,6,0.003,18,3,0,0,0,1,1,1,2,2,1
handlebars.java,0,1,0,0,0,1,0,0,0,14,2,7,0.157,22,5,1,1,1,1,1,1,2,2,0
handlebars.java,0,1,0,0,0,1,0,0,0,14,2,7,0.005,21,5,1,1,1,1,1,1,2,2,0
handlebars.java,0,1,0,0,0,1,0,0,0,12,2,5,0.012,11,3,0,0,0,1,1,1,2,2,0
handlebars.java,0,1,0,0,0,1,0,0,0,13,2,5,0.004,11,3,0,0,0,1,1,1,1,1,0
handlebars.java,0,1,0,0,0,1,0,0,0,11,2,6,1.191,53,21,0,0,0,1,1,1,2,2,1
handlebars.java,0,1,0,0,0,1,0,0,0,14,2,6,0.026,13,3,1,1,1,1,1,1,1,1,0
handlebars.java,0,1,0,0,0,1,0,0,0,16,4,10,0.007,18,3,0,0,0,1,1,1,2,2,0
handlebars.java,0,1,0,0,0,1,0,0,0,16,4,10,0.007,18,3,0,0,0,1,1,1,2,2,0
handlebars.java,0,0,0,0,0,1,0,0,0,7,0,3,0.094,104,39,0,1,2,2,2,2,2,2,0
handlebars.java,0,0,0,0,0,1,0,0,0,9,0,7,2.972,97,48,0,1,2,2,2,2,2,2,0
handlebars.java,0,0,0,0,0,0,0,0,0,4,0,1,0.969,55,17,0,1,2,2,2,2,2,2,0
handlebars.java,0,0,0,0,0,0,0,0,0,4,0,1,1.672,22,19,0,0,0,2,2,2,2,2,0
handlebars.java,0,0,0,0,0,1,0,0,0,9,1,4,0.01,96,34,1,1,2,2,2,2,2,2,0
handlebars.java,0,0,0,0,0,1,0,0,0,9,1,3,0.002,92,31,1,1,2,2,2,2,2,2,0
handlebars.java,0,0,0,0,0,1,0,0,0,6,1,4,0.106,89,35,1,1,2,2,2,2,2,2,0
handlebars.java,0,0,0,0,0,1,0,0,0,6,0,1,0,57,21,1,1,2,2,2,2,2,2,0
handlebars.java,0,0,0,0,0,1,0,0,0,6,0,1,2.721,67,37,1,1,2,2,2,2,2,2,0
handlebars.java,0,1,0,0,0,1,0,0,0,9,3,5,0.007,21,7,0,0,0,0,0,1,1,1,0
handlebars.java,0,1,0,0,0,1,0,0,0,9,3,6,0.134,28,10,0,0,0,0,0,1,1,1,0
handlebars.java,0,1,0,0,0,1,0,0,0,13,3,8,0.001,20,5,0,0,0,0,0,0,1,1,0
handlebars.java,0,1,0,0,0,1,0,0,0,9,3,6,0.002,21,7,0,0,0,0,0,1,1,1,0
handlebars.java,0,1,0,0,0,1,0,0,0,29,9,15,0.009,38,10,0,0,0,0,0,1,1,1,0
handlebars.java,0,0,0,0,0,1,0,0,0,32,1,23,0.026,131,44,0,1,2,2,2,2,2,2,2
handlebars.java,0,0,0,0,0,1,0,0,0,39,1,21,2.688,139,62,0,1,2,2,2,2,2,2,2
handlebars.java,0,0,0,0,0,0,0,0,0,8,0,11,0.033,83,36,0,1,2,2,2,2,2,2,6
handlebars.java,0,0,0,0,0,0,0,0,0,6,0,9,0.018,70,29,0,1,2,2,2,2,2,2,5
handlebars.java,0,0,0,0,0,0,0,0,0,6,0,9,0.018,70,29,0,1,2,2,2,2,2,2,5
handlebars.java,0,0,0,0,0,0,0,0,0,4,0,15,0.052,87,29,0,1,2,2,2,2,2,2,12
handlebars.java,0,0,0,0,0,0,0,0,0,14,0,12,0.027,86,29,0,1,2,2,2,2,2,2,7
handlebars.java,0,0,0,0,0,0,0,0,0,11,0,13,0.016,74,29,0,1,2,2,2,2,2,2,9
handlebars.java,0,0,0,0,0,0,0,0,0,10,0,16,0.023,83,30,0,1,2,2,2,2,2,2,11
handlebars.java,0,0,0,0,0,0,0,0,0,16,0,17,0.006,89,32,0,1,2,2,2,2,2,2,12
handlebars.java,0,0,0,0,0,0,0,0,0,5,0,9,0.014,72,29,0,1,2,2,2,2,2,2,5
handlebars.java,0,0,0,0,0,0,0,0,0,3,0,9,3.213,84,46,0,1,2,2,2,2,2,2,4
handlebars.java,0,0,0,0,0,0,0,0,0,4,0,9,0.04,70,29,0,1,2,2,2,2,2,2,5
handlebars.java,0,0,0,0,0,0,0,0,0,4,0,9,0.019,68,29,0,1,2,2,2,2,2,2,5
handlebars.java,0,0,0,0,0,0,0,0,0,4,0,10,0.008,58,24,0,1,2,2,2,2,2,2,6
handlebars.java,0,0,0,0,0,0,0,0,0,9,0,11,0.057,70,27,0,1,2,2,2,2,2,2,7
handlebars.java,0,0,0,0,0,0,0,0,0,3,0,7,0.012,63,28,0,1,2,2,2,2,2,2,4
handlebars.java,0,0,0,0,0,0,0,0,0,18,0,18,0.093,117,42,0,1,2,2,2,2,2,2,21
handlebars.java,0,0,0,0,0,0,0,0,0,10,0,14,0.013,98,33,0,1,2,2,2,2,2,2,19
handlebars.java,0,0,0,0,0,0,0,0,0,6,0,11,0.028,67,27,0,1,2,2,2,2,2,2,7
handlebars.java,0,0,0,0,0,0,0,0,0,12,1,10,0.018,84,37,0,1,2,2,2,2,2,2,12
handlebars.java,0,0,0,0,0,0,0,0,0,12,0,10,0.01,78,35,0,1,2,2,2,2,2,2,13
handlebars.java,0,0,1,0,0,0,0,0,0,19,0,12,0.039,80,34,0,1,2,2,2,2,2,2,14
handlebars.java,0,0,0,0,0,0,0,0,0,12,0,10,0.037,78,35,0,1,2,2,2,2,2,2,13
handlebars.java,0,0,0,0,0,0,0,0,0,16,0,12,0.035,93,42,0,1,2,2,2,2,2,2,9
handlebars.java,0,0,0,0,0,0,0,0,0,5,1,11,0.004,76,29,0,1,2,2,2,2,2,2,9
handlebars.java,0,0,0,0,0,0,0,0,0,15,1,19,0.027,110,41,0,1,2,2,2,2,2,2,14
handlebars.java,0,0,0,0,0,0,0,0,0,15,1,16,0.023,106,44,0,1,2,2,2,2,2,2,13
handlebars.java,0,0,0,0,0,0,0,0,0,6,0,13,0.021,109,43,0,1,2,2,2,2,2,2,14
handlebars.java,0,0,0,0,0,0,0,0,0,35,0,17,0.043,123,48,0,1,2,2,2,2,2,2,9
handlebars.java,0,0,0,0,0,0,0,0,0,12,0,9,0.012,78,34,0,1,2,2,2,2,2,2,13
handlebars.java,0,0,1,0,0,0,0,0,0,19,0,11,0.009,80,33,0,1,2,2,2,2,2,2,14
handlebars.java,0,0,0,0,0,0,0,0,0,16,0,12,0.029,94,39,0,1,2,2,2,2,2,2,8
handlebars.java,0,0,0,0,0,0,0,0,0,12,0,13,0.02,96,39,0,1,2,2,2,2,2,2,8
handlebars.java,0,0,0,0,0,0,0,0,0,22,0,16,0.034,123,45,0,1,2,2,2,2,2,2,13
handlebars.java,0,0,0,0,0,0,0,0,0,20,1,15,0.014,96,40,0,1,2,2,2,2,2,2,24
handlebars.java,0,0,0,0,0,0,0,0,0,20,1,15,0.012,96,40,0,1,2,2,2,2,2,2,24
handlebars.java,0,0,0,0,0,0,0,0,0,11,1,12,0.003,88,37,0,1,2,2,2,2,2,2,12
handlebars.java,0,0,0,0,0,0,0,0,0,20,1,16,0.01,84,34,0,1,2,2,2,2,2,2,17
handlebars.java,0,0,0,0,0,0,0,0,0,19,1,15,0.015,97,40,0,1,2,2,2,2,2,2,19
handlebars.java,0,0,0,0,0,0,0,0,0,19,1,15,0.031,97,40,0,1,2,2,2,2,2,2,22
handlebars.java,0,0,0,0,0,0,0,0,0,13,1,14,0.101,80,32,0,1,2,2,2,2,2,2,16
handlebars.java,0,0,0,0,0,0,0,0,0,17,0,12,0.007,93,42,0,1,2,2,2,2,2,2,9
handlebars.java,0,0,0,0,0,0,0,0,0,17,0,11,0.017,94,39,0,1,2,2,2,2,2,2,8
handlebars.java,0,0,0,0,0,0,0,0,0,21,1,12,0.022,96,41,0,1,2,2,2,2,2,2,13
handlebars.java,0,0,0,0,0,0,0,0,0,23,1,14,0.148,112,41,0,1,2,2,2,2,2,2,15
handlebars.java,0,0,0,0,0,0,0,0,0,13,1,13,0.068,105,41,0,1,2,2,2,2,2,2,14
handlebars.java,0,0,0,0,0,0,0,0,0,4,0,15,3.431,111,61,0,1,2,2,2,2,2,2,10
handlebars.java,0,0,0,0,0,0,0,0,0,16,0,17,0.044,105,36,0,1,2,2,2,2,2,2,23
handlebars.java,0,0,0,0,0,0,0,0,0,13,0,18,0.015,108,37,0,1,2,2,2,2,2,2,11
handlebars.java,0,0,0,0,0,0,0,0,0,13,0,15,0.025,84,35,0,1,2,2,2,2,2,2,12
handlebars.java,0,0,0,0,0,0,0,0,0,3,0,14,0.002,87,37,0,1,2,2,2,2,2,2,10
handlebars.java,0,0,1,0,0,0,0,0,0,34,0,20,0.05,124,44,0,1,2,2,2,2,2,2,19
handlebars.java,0,0,0,0,0,0,0,0,0,13,0,18,3.251,114,62,0,1,2,2,2,2,2,2,10
handlebars.java,0,0,0,0,0,0,0,0,0,13,0,15,0.022,96,41,0,1,2,2,2,2,2,2,10
handlebars.java,0,0,0,0,0,0,0,0,0,17,0,17,0.032,117,39,0,1,2,2,2,2,2,2,15
handlebars.java,0,0,0,0,0,0,0,0,0,14,0,15,0.015,98,38,0,1,2,2,2,2,2,2,10
handlebars.java,0,0,0,0,0,0,0,0,0,4,0,14,0.02,101,36,0,1,2,2,2,2,2,2,10
handlebars.java,0,0,0,0,0,0,0,0,0,4,0,13,0.023,79,33,0,1,2,2,2,2,2,2,18
handlebars.java,0,0,0,0,0,0,0,0,0,13,0,18,0.024,108,37,0,1,2,2,2,2,2,2,11
handlebars.java,0,0,0,0,0,0,0,0,0,7,0,18,0.021,120,38,0,1,2,2,2,2,2,2,10
handlebars.java,0,0,0,0,0,0,0,0,0,17,0,18,0.016,106,36,0,1,2,2,2,2,2,2,23
handlebars.java,0,0,0,0,0,0,0,0,0,14,0,20,0.017,112,41,0,1,2,2,2,2,2,2,14
handlebars.java,0,0,0,0,0,0,0,0,0,14,0,23,0.037,133,42,0,1,2,2,2,2,2,2,14
handlebars.java,0,0,0,0,0,0,0,0,0,16,0,18,0.039,86,33,0,1,2,2,2,2,2,2,10
handlebars.java,0,0,0,0,0,0,0,0,0,19,0,16,0.053,97,42,0,1,2,2,2,2,2,2,14
handlebars.java,0,0,0,0,0,0,0,0,0,10,0,2,2.865,104,56,0,1,2,2,2,2,2,2,7
handlebars.java,0,0,0,0,0,0,0,0,0,5,0,3,0.017,83,36,0,1,2,2,2,2,3,3,2
handlebars.java,0,0,0,0,0,0,0,0,0,5,0,3,0.044,102,39,0,1,2,2,2,2,2,2,1
handlebars.java,0,0,0,0,0,0,0,0,0,5,0,3,2.677,100,55,0,1,2,2,2,2,2,2,1
handlebars.java,0,0,0,0,0,0,0,0,0,13,0,14,0.016,103,37,0,1,2,2,2,2,2,2,13
handlebars.java,0,0,0,0,0,0,0,0,0,17,0,14,0.015,105,37,0,1,2,2,2,2,2,2,13
handlebars.java,0,0,0,0,0,0,0,0,0,8,0,14,2.843,92,50,0,1,2,2,2,2,2,2,11
handlebars.java,0,0,0,0,0,0,0,0,0,13,0,14,0.028,103,37,0,1,2,2,2,2,2,2,13
handlebars.java,0,0,0,0,0,0,0,0,0,7,0,14,0.019,77,31,0,1,2,2,2,2,2,2,11
handlebars.java,0,0,0,0,0,0,0,0,0,14,0,15,0.053,107,39,0,1,2,2,2,2,2,2,13
handlebars.java,0,1,0,0,0,0,0,0,0,10,3,9,0.006,61,20,0,1,2,2,2,2,2,2,7
handlebars.java,0,0,0,0,0,0,0,0,0,12,0,15,0.055,97,41,0,1,2,2,2,2,2,2,14
handlebars.java,0,0,0,0,0,0,0,0,0,11,0,14,2.942,104,58,0,1,2,2,2,2,2,2,14
handlebars.java,0,0,0,0,0,0,0,0,0,10,0,10,0.02,79,33,0,1,2,2,2,2,2,2,10
handlebars.java,0,0,0,0,0,0,0,0,0,13,0,10,0.025,80,36,0,1,2,2,2,2,2,2,16
handlebars.java,0,0,0,0,0,0,0,0,0,12,0,13,0.486,87,38,0,1,2,2,2,2,2,2,12
handlebars.java,0,0,0,0,0,0,0,0,0,3,0,7,0.12,58,22,0,1,2,2,2,2,2,2,8
