httpcore,0,1,0,1,1,0,0,0,0,21,3,7,0.11,20,5,0,0,0,1,1,1,1,1,0
httpcore,0,1,0,1,1,0,0,0,0,22,3,10,0.114,15,3,0,0,0,1,1,1,1,1,0
httpcore,0,1,0,1,1,0,0,0,0,26,3,7,0.143,16,3,0,0,0,1,1,1,1,1,0
httpcore,0,0,0,0,0,0,0,0,0,4,0,1,0.001,5,2,0,0,0,1,1,1,1,1,0
httpcore,0,0,0,1,1,0,0,0,0,20,0,9,0.022,12,3,0,0,0,1,1,1,1,1,0
httpcore,0,1,0,1,0,1,0,0,0,18,8,15,0.001,23,3,0,0,0,1,1,1,1,1,0
httpcore,0,1,0,1,0,1,0,0,0,21,9,17,0.015,18,3,0,0,0,1,1,1,1,1,0
httpcore,0,1,0,1,0,1,0,0,0,20,9,17,0,18,3,0,0,0,1,1,1,1,1,0
httpcore,0,1,0,1,0,1,0,0,0,21,8,13,0,23,3,0,0,0,1,1,1,1,1,0
httpcore,0,1,0,1,0,1,0,0,0,6,2,5,0.008,7,3,0,0,0,0,1,1,2,2,0
httpcore,0,1,0,1,0,1,0,0,0,15,6,12,0,17,4,0,0,0,0,1,1,2,2,0
httpcore,0,1,0,1,0,1,0,0,0,15,6,12,0.034,17,4,0,0,0,0,1,1,2,2,0
httpcore,0,1,0,1,0,1,0,0,0,12,3,9,0.001,11,3,0,0,0,0,0,1,2,2,0
httpcore,0,1,0,1,0,1,0,0,0,21,3,7,0.002,10,3,0,0,0,0,0,1,2,2,0
httpcore,0,1,0,1,0,1,0,0,0,30,5,13,0.044,24,3,0,0,0,0,0,1,2,2,0
httpcore,0,1,0,1,0,1,0,0,0,13,6,9,0.073,23,7,0,0,0,0,0,1,2,2,0
httpcore,0,0,0,0,0,0,0,0,0,8,1,1,0.001,4,2,0,0,0,0,0,0,1,1,0
httpcore,0,1,0,1,0,1,0,0,0,14,6,10,0.003,16,5,0,0,0,0,0,1,2,2,0
httpcore,0,1,0,0,0,1,0,0,0,30,7,15,0.005,43,7,0,0,0,0,0,1,2,2,0
httpcore,0,1,0,0,0,1,0,0,0,30,7,15,0.008,27,5,0,0,0,0,1,1,2,2,0
httpcore,0,1,0,1,0,1,0,0,0,9,4,6,0.009,9,3,0,0,0,0,1,1,2,2,0
httpcore,0,1,0,1,0,1,0,0,0,9,4,6,0,6,3,0,0,0,0,0,1,2,2,0
httpcore,0,0,0,0,0,0,0,0,0,4,0,3,0.035,4,3,0,0,0,0,1,1,2,2,0
httpcore,0,0,0,0,0,0,0,0,0,4,0,3,0.001,4,3,0,0,0,0,1,1,2,2,0
httpcore,0,0,0,0,0,0,0,0,0,4,0,3,0,4,3,0,0,0,0,1,1,2,2,0
httpcore,0,0,0,0,0,0,0,0,0,3,0,5,0.015,2,3,0,0,0,0,0,1,1,1,0
httpcore,0,1,0,0,0,1,0,0,0,29,7,14,0.001,17,3,0,0,0,0,1,1,2,2,0
httpcore,0,1,0,0,0,1,0,0,0,31,7,16,0.001,25,3,0,0,0,0,2,2,2,2,0
httpcore,0,1,0,1,0,1,0,0,0,6,3,4,0.039,7,2,0,0,0,1,1,1,1,1,0
httpcore,0,1,0,0,0,0,0,0,0,26,4,0,0.005,7,2,0,0,0,1,1,1,1,1,0
httpcore,0,1,0,1,0,1,0,0,0,8,3,6,0.018,26,11,0,0,0,1,1,1,1,1,0
httpcore,0,1,0,1,0,1,0,0,0,8,3,6,0.002,25,11,0,0,0,1,1,1,1,1,0
httpcore,0,0,0,0,0,1,0,0,0,5,1,3,0.007,8,4,0,0,0,1,1,1,1,1,0
httpcore,0,0,0,0,0,1,0,0,0,3,1,1,0.009,4,2,0,0,0,1,1,1,1,1,0
httpcore,0,1,0,1,0,1,0,0,0,5,2,4,0,9,2,0,0,0,1,1,1,1,1,0
httpcore,0,1,0,1,0,1,0,0,0,6,3,4,0.009,20,8,0,0,0,1,1,1,1,1,0
httpcore,0,1,0,0,0,0,0,0,0,14,2,1,0.028,15,8,0,0,0,1,1,1,1,1,0
httpcore,0,1,0,0,0,1,0,0,0,14,3,4,0.066,8,4,0,0,0,0,0,1,2,2,0
httpcore,0,0,0,0,0,0,0,0,0,15,1,2,0.003,6,4,0,0,0,0,0,0,2,2,0
httpcore,0,0,0,0,0,0,0,0,0,8,1,2,0,6,3,0,0,0,0,0,0,2,2,0
httpcore,0,1,0,0,0,1,0,0,0,22,3,9,0.015,16,4,0,0,0,0,0,1,2,2,0
httpcore,0,1,1,1,0,1,0,0,0,16,5,10,0.128,19,5,0,0,0,1,1,1,2,2,0
httpcore,0,0,0,0,0,0,0,0,0,8,1,1,0.004,11,4,0,0,0,1,1,1,2,2,0
httpcore,0,1,1,0,0,1,1,0,0,33,5,17,0.002,37,5,0,0,0,1,1,1,2,2,0
httpcore,0,1,0,1,0,1,0,0,0,15,7,13,0.001,24,6,0,0,0,1,1,1,2,2,0
httpcore,0,0,0,0,0,1,0,0,0,7,0,5,0.039,16,7,0,0,0,1,1,1,2,2,0
httpcore,0,0,0,0,0,0,0,0,0,8,1,0,0.024,5,2,0,0,0,0,0,0,2,2,0
httpcore,0,1,0,0,0,1,0,0,0,31,7,17,0.003,35,6,0,0,0,1,1,1,2,2,0
httpcore,0,1,0,1,0,1,0,0,0,11,5,8,0.001,11,3,0,0,0,0,0,1,2,2,0
httpcore,0,0,0,0,0,0,0,0,0,8,1,2,0.028,6,3,0,0,0,0,0,0,1,1,0
httpcore,0,1,0,0,0,1,0,0,0,36,8,24,0.001,42,3,0,0,0,0,0,1,2,2,0
httpcore,0,1,0,1,0,1,0,0,0,14,4,10,0.001,13,4,0,0,0,0,0,1,2,2,0
httpcore,0,1,0,1,0,1,0,0,0,14,4,10,0.002,13,4,0,0,0,0,0,1,2,2,0
httpcore,0,0,0,0,0,0,0,0,0,8,1,2,0.005,6,3,0,0,0,0,0,0,1,1,0
httpcore,0,1,0,0,0,1,0,0,0,21,4,11,0.461,19,4,0,0,0,0,0,1,2,2,0
httpcore,0,1,0,0,0,1,0,0,0,21,4,11,0.002,24,4,0,0,0,0,0,1,2,2,0
httpcore,0,1,0,1,0,1,0,0,0,10,4,8,0.053,15,5,0,0,0,1,1,1,2,2,0
httpcore,0,1,0,0,0,1,0,0,0,12,3,7,0.001,18,5,0,0,0,1,1,2,3,3,0
httpcore,0,0,0,0,0,0,0,0,0,8,1,0,0.001,8,4,0,0,0,1,1,1,2,2,0
httpcore,0,1,0,0,0,1,0,0,0,30,7,17,0,32,5,0,0,0,1,1,1,2,2,0
httpcore,0,1,0,0,0,1,0,0,0,26,5,19,0.001,66,25,0,0,0,0,1,1,2,2,0
httpcore,0,1,0,0,0,1,0,0,0,12,3,13,0.004,36,17,0,0,0,0,1,1,2,2,0
httpcore,0,1,0,0,0,1,0,0,0,12,3,13,0.001,35,17,0,0,0,0,1,1,2,2,0
httpcore,0,1,0,0,0,1,0,0,0,18,7,17,0.006,37,16,0,0,0,0,1,1,2,2,0
httpcore,0,1,0,0,0,1,0,0,0,16,4,16,0.006,43,17,0,0,0,0,1,1,2,2,0
httpcore,0,1,0,0,0,1,0,0,0,17,3,17,0.211,52,23,0,0,0,0,1,1,2,2,0
httpcore,0,1,0,0,0,1,0,0,0,28,7,20,0.001,51,19,0,0,0,0,1,1,2,2,0
httpcore,0,1,0,0,0,1,0,0,0,29,6,21,0,52,19,0,0,0,0,1,1,2,2,0
httpcore,0,1,0,0,0,1,0,0,0,29,7,21,0.01,51,19,0,0,0,0,1,1,2,2,0
httpcore,0,1,0,0,0,1,0,0,0,29,6,21,0.001,52,19,0,0,0,0,1,1,2,2,0
httpcore,0,1,0,0,0,1,0,0,0,25,8,25,0.018,66,23,0,0,0,0,1,1,2,2,0
httpcore,0,1,0,0,0,1,0,0,0,26,5,20,0.002,65,25,0,0,0,0,1,1,2,2,0
httpcore,0,1,0,0,0,0,0,0,0,16,2,2,0.002,18,10,0,0,0,0,1,1,2,2,0
httpcore,0,1,0,0,0,1,0,0,0,9,2,9,0.007,25,14,0,0,0,0,1,1,2,2,0
httpcore,0,1,0,0,0,1,0,0,0,16,2,14,0.023,43,17,0,0,0,0,1,1,2,2,0
httpcore,0,1,0,0,0,1,0,0,0,11,2,9,0.007,34,16,0,0,0,0,1,1,2,2,0
httpcore,0,1,0,0,0,1,0,0,0,10,2,10,0.001,30,15,0,0,0,0,1,1,2,2,0
httpcore,0,1,0,0,0,1,0,0,0,11,2,11,0.007,31,15,0,0,0,0,1,1,2,2,0
httpcore,0,0,0,0,0,1,0,0,0,16,1,6,0.007,44,18,0,0,0,0,1,1,2,2,0
httpcore,0,0,0,0,0,1,0,0,0,14,1,7,0.01,30,16,0,0,0,0,1,1,2,2,0
httpcore,0,0,0,0,0,1,0,0,0,14,1,8,0.14,29,16,0,0,0,0,1,1,2,2,0
httpcore,0,1,0,0,0,0,0,0,0,22,3,9,0,25,13,0,0,0,0,1,1,2,2,0
httpcore,0,1,0,0,0,1,0,0,0,20,2,10,0.001,49,16,0,0,0,0,1,1,2,2,0
httpcore,0,0,0,0,0,1,0,0,0,7,1,5,0.098,16,7,0,0,0,0,1,1,2,2,0
httpcore,0,0,0,0,0,1,0,0,0,10,1,9,0.002,27,8,0,0,0,0,1,1,2,2,0
httpcore,0,0,0,0,0,1,0,0,0,11,1,9,0.056,35,14,0,0,0,0,1,1,2,2,0
httpcore,0,1,0,0,0,1,0,0,0,19,2,10,0.001,33,10,0,0,0,0,1,1,2,2,0
httpcore,0,1,0,0,0,1,0,0,0,21,2,12,0.005,34,10,0,0,0,0,1,1,2,2,0
httpcore,0,1,0,0,0,1,0,0,0,20,2,11,0.013,32,10,0,0,0,0,1,1,2,2,0
httpcore,0,1,0,0,0,1,0,0,0,21,2,12,0.003,34,10,0,0,0,0,1,1,2,2,0
httpcore,0,1,0,0,0,1,0,0,0,15,2,11,0.009,45,14,0,0,0,0,1,1,2,2,0
httpcore,0,1,0,0,0,1,0,0,0,20,2,10,0.011,48,16,0,0,0,0,1,1,2,2,0
httpcore,0,0,0,0,0,1,0,0,0,5,1,5,0,10,5,0,0,0,0,1,1,2,2,0
httpcore,0,0,0,0,0,1,0,0,0,7,1,4,0.117,27,11,0,0,0,0,1,1,2,2,0
httpcore,0,0,0,0,0,1,0,0,0,6,1,5,0.008,16,6,0,0,0,0,1,1,2,2,0
httpcore,0,0,0,0,0,1,0,0,0,7,1,5,0,17,6,0,0,0,0,1,1,2,2,0
httpcore,0,0,0,0,0,1,0,0,0,8,0,7,0,36,13,0,0,0,0,1,1,2,2,0
httpcore,0,0,0,0,0,1,0,0,0,6,0,7,0.001,17,8,0,0,0,0,1,1,2,2,0
httpcore,0,0,0,0,0,1,0,0,0,6,0,7,0,16,8,0,0,0,0,1,1,2,2,0
httpcore,0,0,0,0,0,1,0,0,0,6,0,7,0.005,18,8,0,0,0,0,1,1,2,2,0
httpcore,0,1,0,0,0,1,0,0,0,9,2,9,0.001,30,12,0,0,0,0,1,1,2,2,0
httpcore,0,0,0,0,0,1,0,0,0,23,1,20,0.001,56,16,0,0,0,0,1,1,2,2,0
httpcore,0,1,0,0,0,1,0,0,0,27,3,8,0.012,42,13,0,0,0,0,1,1,2,2,0
httpcore,0,1,0,0,0,1,0,0,0,26,9,18,0.142,56,17,0,0,0,0,1,1,2,2,0
httpcore,0,1,0,0,0,1,0,0,0,9,2,7,0.005,38,16,0,0,0,0,1,1,2,2,0
httpcore,0,1,0,0,0,1,0,0,0,16,3,10,0.01,41,13,0,0,0,0,1,1,2,2,0
httpcore,0,1,0,0,0,1,0,0,0,25,8,19,0.007,57,15,0,0,0,0,1,1,2,2,0
httpcore,0,1,0,0,0,1,0,0,0,33,20,30,0.017,47,9,0,0,0,0,1,1,2,2,0
httpcore,0,1,0,0,0,1,0,0,0,18,2,4,0,23,9,0,0,0,0,1,1,2,2,0
httpcore,0,1,0,0,0,1,0,0,0,25,15,22,0.014,37,9,0,0,0,0,1,1,2,2,0
httpcore,0,1,0,0,0,1,0,0,0,23,12,20,0.005,34,9,0,0,0,0,1,1,2,2,0
httpcore,0,0,0,0,0,0,0,0,0,10,1,2,0.002,11,3,0,0,0,0,0,0,2,2,0
httpcore,0,0,0,0,0,1,0,0,0,13,1,7,0.001,53,21,0,0,0,0,1,1,2,2,0
httpcore,0,0,0,0,0,1,0,0,0,12,1,4,0.001,28,13,0,0,0,0,1,1,2,2,0
httpcore,0,0,0,0,0,1,0,0,0,17,1,9,0.001,37,13,0,0,0,0,1,1,2,2,0
httpcore,0,0,0,0,0,1,0,0,0,12,1,5,0,30,13,0,0,0,0,1,1,2,2,0
httpcore,0,0,0,0,0,1,0,0,0,12,1,6,0.001,29,13,0,0,0,0,1,1,2,2,0
httpcore,0,1,0,0,0,1,0,0,0,14,2,8,0.009,33,14,0,0,0,0,1,1,2,2,0
httpcore,0,0,0,0,0,1,0,0,0,13,1,8,0.003,35,13,0,0,0,0,1,1,2,2,0
httpcore,0,1,1,0,0,1,0,0,0,25,2,18,0.004,59,13,0,0,0,0,1,1,2,2,0
httpcore,0,1,1,0,0,1,0,0,0,25,2,15,0.001,52,13,0,0,0,0,1,1,2,2,0
httpcore,0,1,0,0,0,1,0,0,0,7,2,5,0,19,9,0,0,0,0,1,1,2,2,0
httpcore,0,0,0,0,0,1,0,0,0,15,1,11,0.001,31,10,0,0,0,0,1,1,2,2,0
httpcore,0,1,0,0,0,1,0,0,0,28,4,8,0.106,23,10,0,0,0,0,1,1,2,2,0
httpcore,0,1,0,0,0,0,0,0,0,15,2,4,0.001,22,9,0,0,0,0,1,1,2,2,0
httpcore,0,1,0,0,0,1,0,0,0,21,9,17,0.001,36,9,0,0,0,0,1,2,2,2,0
httpcore,0,1,0,0,0,1,0,0,0,19,3,7,0.005,22,11,0,0,0,0,1,1,2,2,0
httpcore,0,0,0,0,0,1,0,0,0,18,1,17,0.003,31,9,0,0,0,0,1,1,2,2,0
httpcore,0,1,0,0,0,0,0,0,0,20,2,9,0,21,9,0,0,0,0,1,1,2,2,0
httpcore,0,1,0,0,0,0,0,0,0,15,2,7,0.112,21,9,0,0,0,0,1,1,2,2,0
httpcore,0,0,0,1,0,1,0,0,0,7,1,8,0,19,9,0,0,0,0,1,1,1,1,0
httpcore,0,1,0,0,0,1,0,0,0,14,8,15,0.001,28,9,0,0,0,0,1,1,2,2,0
httpcore,0,1,0,1,0,1,0,0,0,15,5,14,0.092,23,9,0,0,0,0,1,1,2,2,0
httpcore,0,0,0,0,0,0,0,0,0,10,1,7,0,18,9,0,0,0,0,1,1,2,2,0
httpcore,0,0,0,0,0,1,0,0,0,14,1,12,0,24,9,0,0,0,0,1,1,2,2,0
httpcore,0,1,0,1,0,1,0,0,0,16,3,11,0.009,24,9,0,0,0,0,1,1,2,2,0
httpcore,0,1,0,0,0,0,0,0,0,20,2,7,0,21,9,0,0,0,0,1,1,2,2,0
httpcore,0,1,0,1,0,0,0,0,0,20,2,5,0.003,21,9,0,0,0,0,1,1,2,2,0
httpcore,0,0,0,0,0,0,0,0,0,10,1,3,0.122,18,9,0,0,0,0,1,1,2,2,0
httpcore,0,0,0,0,0,0,0,0,0,9,1,4,0.001,15,9,0,0,0,0,1,1,2,2,0
httpcore,0,1,0,0,0,1,0,0,0,28,12,21,0.002,56,13,0,0,0,0,1,1,2,2,0
httpcore,0,1,0,0,0,1,0,0,0,23,13,23,0.026,52,17,0,0,0,0,1,1,2,2,0
httpcore,0,1,0,0,0,1,0,0,0,8,2,10,0.133,30,13,0,0,0,0,1,1,2,2,0
httpcore,0,1,0,0,0,0,0,0,0,15,2,1,0.002,12,6,0,0,0,0,0,0,2,2,0
httpcore,0,0,0,0,0,0,0,0,0,14,1,7,0,25,10,0,0,0,0,1,1,2,2,0
httpcore,0,0,0,0,0,0,0,0,0,14,1,7,0.002,32,10,0,0,0,0,1,1,2,2,0
httpcore,0,1,0,0,0,0,0,0,0,22,2,15,0.001,49,18,0,0,0,0,1,1,2,2,0
httpcore,0,1,0,0,0,1,0,0,0,14,6,14,0.005,57,13,0,0,0,0,1,1,2,2,0
httpcore,0,1,0,0,0,1,0,0,0,25,5,22,0.067,56,22,0,0,0,1,1,1,2,2,0
httpcore,0,0,0,0,0,0,0,0,0,15,1,8,0.001,25,16,0,0,0,0,1,1,2,2,0
httpcore,0,1,0,0,0,0,0,0,0,34,3,10,0.115,32,14,0,0,0,0,1,1,2,2,0
httpcore,0,1,0,0,0,1,0,0,0,40,7,27,0.001,72,23,0,0,0,1,1,1,2,2,0
httpcore,0,1,0,0,0,1,0,0,0,25,5,18,0.001,54,22,0,0,0,1,1,1,2,2,0
httpcore,0,0,0,0,0,0,0,0,0,15,1,5,0.001,27,13,0,0,0,0,1,1,2,2,0
httpcore,0,1,0,0,0,0,0,0,0,34,3,9,0.005,83,15,0,0,0,0,1,1,2,2,0
httpcore,0,1,0,0,0,1,0,0,0,40,7,24,0.206,114,24,0,0,0,1,1,1,2,2,0
httpcore,0,1,0,1,0,1,0,0,0,23,5,25,0.004,53,7,0,0,0,0,0,1,2,2,0
httpcore,0,1,1,1,0,1,0,0,0,36,9,32,0.004,69,7,0,0,0,0,0,1,2,2,0
httpcore,0,1,1,0,0,1,0,0,0,34,5,30,0.004,93,7,0,0,0,0,0,1,2,2,0
httpcore,0,1,1,0,0,1,0,0,0,25,3,23,0.003,71,7,0,0,0,0,0,1,2,2,0
httpcore,0,1,1,0,0,1,0,0,0,25,3,22,0.15,68,7,0,0,0,0,0,1,2,2,0
httpcore,0,1,0,1,0,1,0,0,0,22,5,25,0.015,58,7,0,0,0,0,0,1,2,2,0
httpcore,0,1,1,1,0,1,0,0,0,46,10,33,0.007,72,7,0,0,0,0,0,1,2,2,0
httpcore,0,1,0,0,0,0,0,0,0,25,3,7,0.005,18,6,0,0,0,0,0,1,2,2,0
httpcore,0,0,0,0,0,0,0,0,0,18,1,7,0.007,16,7,0,0,0,0,0,1,1,1,0
httpcore,0,0,0,0,0,0,0,0,0,19,1,17,0.002,60,7,0,0,0,0,0,1,2,2,0
httpcore,0,0,0,0,0,0,0,0,0,19,1,19,0.006,63,7,0,0,0,0,0,1,2,2,0
httpcore,0,1,0,0,0,1,0,0,0,19,2,17,0.002,59,7,0,0,0,0,0,1,2,2,0
httpcore,0,0,0,0,0,0,0,0,0,20,1,19,0.009,70,7,0,0,0,0,0,1,2,2,0
httpcore,0,1,1,0,0,1,0,0,0,32,3,24,0.005,80,7,0,0,0,0,0,1,2,2,0
httpcore,0,1,0,1,0,1,0,0,0,20,2,15,0.009,48,6,0,0,0,0,0,1,2,2,0
httpcore,0,1,0,0,0,1,0,0,0,27,10,27,0.004,44,6,0,0,0,0,0,1,2,2,0
httpcore,0,1,0,1,0,1,0,0,0,17,2,12,0.115,24,6,0,0,0,0,0,1,2,2,0
httpcore,0,1,0,1,0,0,0,0,0,26,2,11,0.001,48,6,0,0,0,0,0,0,2,2,0
httpcore,0,1,0,1,0,1,0,0,0,26,2,19,0.006,54,6,0,0,0,0,0,1,2,2,0
httpcore,0,1,0,0,0,1,0,0,0,36,9,40,0.009,84,7,0,0,0,0,0,1,3,3,0
httpcore,0,1,0,0,0,0,0,0,0,25,3,6,0.003,18,5,0,0,0,0,0,0,2,2,0
httpcore,0,1,0,0,0,1,0,0,0,17,4,13,0.001,29,6,0,0,0,0,0,1,2,2,0
httpcore,0,1,0,0,0,0,0,0,0,28,4,9,0.001,27,7,0,0,0,0,0,0,2,2,0
httpcore,0,0,0,0,0,1,0,0,0,15,1,9,0.002,59,6,0,0,0,0,0,0,2,2,0
httpcore,0,0,0,0,0,1,0,0,0,23,1,16,0.005,75,6,0,0,0,0,0,0,2,2,0
httpcore,0,0,0,0,0,1,0,0,0,20,1,13,0.005,72,6,0,0,0,0,0,0,2,2,0
httpcore,0,0,0,0,0,1,0,0,0,18,1,11,0.004,69,6,0,0,0,0,0,0,2,2,0
httpcore,0,1,0,0,0,1,0,0,0,26,8,27,0.009,80,6,0,0,0,0,0,1,2,2,0
httpcore,0,1,0,0,0,1,0,0,0,20,5,20,0.009,72,6,0,0,0,0,0,1,2,2,0
httpcore,0,1,0,0,0,1,0,0,0,29,9,30,0.012,89,6,0,0,0,0,0,1,2,2,0
httpcore,0,1,0,0,0,1,0,0,0,29,9,30,0.017,83,6,0,0,0,0,0,1,2,2,0
httpcore,0,1,0,0,0,1,0,0,0,14,3,14,0.001,65,6,0,0,0,0,0,1,2,2,0
httpcore,0,1,0,0,0,1,0,0,0,13,2,13,0.226,54,6,0,0,0,0,0,1,2,2,0
httpcore,0,0,0,0,0,1,0,0,0,15,1,9,0.013,58,6,0,0,0,0,0,0,2,2,0
httpcore,0,0,0,0,0,1,0,0,0,15,1,9,0.001,44,6,0,0,0,0,0,0,2,2,0
httpcore,0,0,0,0,0,1,0,0,0,15,1,9,0.027,44,6,0,0,0,0,0,0,2,2,0
httpcore,0,1,0,0,0,1,0,0,0,22,6,20,0.012,75,6,0,0,0,0,0,1,2,2,0
httpcore,0,1,0,0,0,1,0,0,0,11,3,12,0.005,59,6,0,0,0,0,0,1,2,2,0
httpcore,0,1,0,0,0,1,0,0,0,36,14,33,0.017,46,7,0,0,0,0,0,1,2,2,0
httpcore,0,1,1,0,0,0,0,0,0,30,2,6,0.077,16,7,0,0,0,0,0,1,2,2,0
httpcore,0,1,1,0,0,1,0,0,0,34,3,21,0.004,40,7,0,0,0,0,0,1,2,2,0
httpcore,0,1,1,0,0,1,0,0,0,41,3,25,0.002,44,7,0,0,0,0,0,1,2,2,0
httpcore,0,1,0,0,0,1,0,0,0,42,15,35,0.006,48,7,0,0,0,0,0,1,2,2,0
httpcore,0,1,0,0,0,0,0,0,0,25,3,8,0.008,19,6,0,0,0,0,0,1,2,2,0
httpcore,0,0,0,0,0,0,0,0,0,17,1,8,0.125,16,7,0,0,0,0,0,1,2,2,0
httpcore,0,1,0,0,0,1,0,0,0,24,2,12,0.001,22,7,0,0,0,0,0,1,2,2,0
httpcore,0,1,0,0,0,1,0,0,0,16,2,13,0.001,21,6,0,0,0,0,0,1,2,2,0
httpcore,0,0,0,0,0,1,0,0,0,18,1,10,0.012,21,6,0,0,0,0,0,0,2,2,0
httpcore,0,1,0,0,0,1,0,0,0,22,2,18,0.124,28,6,0,0,0,0,0,1,2,2,0
httpcore,0,1,0,0,0,0,0,0,0,25,3,6,0.001,18,5,0,0,0,0,0,0,2,2,0
httpcore,0,1,0,0,0,1,0,0,0,31,11,33,0.001,47,7,0,0,0,0,0,1,2,2,0
httpcore,0,1,1,0,0,1,0,0,0,27,2,17,0.204,34,7,0,0,0,0,1,1,3,3,0
httpcore,0,1,0,0,0,1,0,0,0,52,23,51,0.003,66,7,0,0,0,0,0,1,2,2,0
httpcore,0,1,0,0,0,1,0,0,0,33,11,33,0.001,46,7,0,0,0,0,0,1,2,2,0
httpcore,0,1,0,0,0,0,0,0,0,35,9,17,0.005,40,7,0,0,0,0,1,2,3,3,0
httpcore,0,1,1,0,0,1,0,0,0,30,3,18,0.006,42,7,0,0,0,0,1,2,3,3,0
httpcore,0,1,1,0,0,1,0,0,0,44,3,20,0.008,47,7,0,0,0,0,1,2,3,3,0
httpcore,0,1,0,0,0,1,0,0,0,36,12,37,0.013,54,7,0,0,0,0,0,1,2,2,0
httpcore,0,1,0,0,0,1,0,0,0,32,8,30,0.004,40,7,0,0,0,0,0,1,2,2,0
httpcore,0,1,0,0,0,0,0,0,0,32,4,8,0.001,24,7,0,0,0,0,0,1,2,2,0
httpcore,0,0,0,0,0,0,0,0,0,18,1,8,0.002,16,7,0,0,0,0,0,1,2,2,0
httpcore,0,0,0,0,0,1,0,0,0,16,1,17,0.006,34,7,0,0,0,0,1,1,2,2,0
httpcore,0,0,0,0,0,0,0,0,0,21,1,14,0.001,31,7,0,0,0,0,1,1,2,2,0
httpcore,0,1,0,0,0,0,0,0,0,24,2,10,0.002,23,7,0,0,0,0,1,1,2,2,0
httpcore,0,1,0,0,0,1,0,0,0,17,3,18,0.002,26,7,0,0,0,0,0,1,2,2,0
httpcore,0,1,0,0,0,1,0,0,0,17,2,15,0.007,24,6,0,0,0,0,0,1,2,2,0
httpcore,0,1,0,0,0,1,0,0,0,17,2,17,0,31,6,0,0,0,0,0,1,2,2,0
httpcore,0,1,0,0,0,0,0,0,0,33,2,6,0.202,12,6,0,0,0,0,0,0,1,1,0
httpcore,0,0,0,0,0,0,0,0,0,18,1,11,0.007,22,6,0,0,0,0,0,0,2,2,0
httpcore,0,0,0,1,0,0,1,0,0,31,1,18,0.003,32,6,0,0,0,0,0,0,2,2,0
httpcore,0,1,0,0,0,1,0,0,0,23,2,19,0.007,30,6,0,0,0,0,0,1,2,2,0
httpcore,0,1,0,1,0,1,1,0,0,33,2,25,0.001,30,6,0,0,0,0,0,1,2,2,0
httpcore,0,1,0,0,0,1,1,0,0,32,2,28,0.001,37,6,0,0,0,0,0,1,2,2,0
httpcore,0,1,0,0,0,0,0,0,0,32,4,15,0.009,25,6,0,0,0,0,0,0,2,2,0
httpcore,0,0,0,0,0,0,0,0,0,3,0,1,1.205,13,4,0,0,1,2,2,2,2,2,0
httpcore,0,0,0,1,0,0,0,0,0,6,0,4,0.066,17,5,0,0,1,2,2,2,2,2,0
httpcore,0,0,0,0,0,0,0,0,0,3,0,0,0.002,15,4,0,0,1,2,2,2,2,2,0
httpcore,0,0,0,0,0,0,0,0,0,3,0,0,0.016,15,4,0,1,2,2,2,2,2,2,0
httpcore,0,1,0,0,0,1,0,0,0,7,2,5,0.033,7,2,0,0,0,0,0,1,2,2,0
httpcore,0,1,0,0,0,1,0,0,0,7,2,5,0.002,7,2,0,0,0,0,0,1,2,2,0
httpcore,0,0,0,0,0,1,0,0,0,3,1,3,0.002,4,2,0,0,0,0,0,1,1,1,0
httpcore,0,0,0,0,0,1,0,0,0,48,1,30,2.909,180,41,0,1,1,1,1,1,2,2,0
httpcore,1,1,1,0,1,1,0,0,0,153,6,60,0.185,276,60,0,0,2,2,2,2,3,3,0
httpcore,0,1,1,0,1,1,0,0,0,107,3,41,2.202,213,57,0,1,2,2,2,2,2,2,0
httpcore,0,1,1,0,0,1,0,0,0,100,7,48,1.064,231,58,0,1,2,2,2,2,2,2,0
httpcore,0,1,1,0,1,1,0,0,0,116,8,50,1.083,246,58,0,1,2,2,2,2,3,3,0
httpcore,0,1,1,0,1,1,0,0,0,153,6,50,4.345,277,64,0,1,1,1,1,1,3,3,0
httpcore,0,1,0,0,1,1,0,0,0,62,6,28,0.034,62,19,0,0,1,1,1,1,2,2,0
httpcore,0,1,0,0,1,1,0,0,0,67,3,24,0.528,62,18,0,0,1,1,1,1,2,2,0
httpcore,0,1,0,0,1,1,0,0,0,67,8,30,0.396,82,18,0,0,1,1,1,1,2,2,0
httpcore,0,1,0,0,0,1,0,0,0,40,3,27,0.013,42,5,0,0,0,0,0,1,2,2,0
httpcore,0,1,0,0,0,1,0,0,0,55,10,42,0,53,5,0,0,0,0,0,1,2,2,0
httpcore,0,0,0,0,0,1,0,0,0,6,0,7,0,13,4,0,0,0,0,0,0,1,1,0
httpcore,0,1,0,0,0,1,0,0,0,22,2,9,0.001,17,5,0,0,0,0,0,0,1,1,0
httpcore,0,1,0,0,0,0,0,0,0,34,3,2,0.031,10,5,0,0,0,0,0,0,1,1,0
httpcore,0,1,0,0,0,1,0,0,0,16,4,14,0.001,18,4,0,0,0,0,0,1,2,2,0
httpcore,0,1,0,0,0,1,0,0,0,19,6,20,0.001,24,4,0,0,0,0,0,1,2,2,0
httpcore,0,1,0,0,0,1,0,0,0,38,10,36,0.001,68,4,0,0,0,0,0,1,2,2,0
httpcore,0,0,0,0,0,0,0,0,0,20,1,1,0.082,6,4,0,0,0,0,0,0,1,1,0
httpcore,0,1,0,0,0,0,0,0,0,14,2,2,0.002,6,4,0,0,0,0,0,0,1,1,0
httpcore,0,1,0,0,0,1,0,0,0,16,4,12,0.002,25,4,0,0,0,0,0,1,3,3,0
httpcore,0,0,0,0,0,1,0,0,0,14,1,10,0.006,14,4,0,0,0,0,0,1,3,3,0
httpcore,0,0,0,0,0,1,0,0,0,15,1,14,0.012,18,4,0,0,0,0,0,1,2,2,0
httpcore,0,1,0,0,0,1,0,0,0,54,11,45,0.006,100,5,0,0,0,0,0,1,2,2,0
httpcore,0,0,0,0,0,1,0,0,0,10,1,5,1.795,7,2,0,0,1,1,1,1,1,1,2
httpcore,0,0,0,0,0,1,0,0,0,10,1,5,0.022,7,2,0,0,1,1,1,1,1,1,2
httpcore,1,1,0,0,0,1,0,0,0,7,2,24,0.006,115,31,0,0,1,1,1,1,2,2,0
httpcore,0,1,0,1,0,1,0,0,0,11,2,26,0.03,67,28,0,0,1,1,1,1,2,2,0
httpcore,0,1,0,0,0,1,0,0,0,8,2,23,2.562,111,31,0,0,1,1,1,1,2,2,0
httpcore,0,0,0,0,0,1,0,0,0,3,0,4,0.003,9,3,0,0,1,1,1,1,1,1,0
httpcore,0,1,0,0,0,0,0,0,0,16,2,4,0.053,16,7,0,0,0,0,0,0,2,2,0
httpcore,0,1,0,0,0,1,0,0,0,8,3,6,0.024,21,9,0,0,0,0,0,1,2,2,0
httpcore,0,1,0,0,0,1,0,0,0,6,3,6,0.013,13,6,0,0,0,0,0,1,2,2,0
httpcore,0,0,0,0,0,1,0,0,0,7,1,6,0.004,17,11,0,0,0,0,1,1,2,2,0
httpcore,0,0,0,0,0,1,0,0,0,7,1,6,0,19,11,0,0,0,0,1,1,2,2,0
httpcore,0,0,0,0,0,1,0,0,0,5,1,6,0.017,20,10,0,0,0,0,1,1,2,2,0
httpcore,0,0,0,0,0,1,0,0,0,7,1,6,0.003,16,10,0,0,0,0,1,1,2,2,0
httpcore,0,0,0,0,0,1,0,0,0,7,1,6,0.014,20,12,0,0,0,0,1,1,2,2,0
httpcore,0,0,0,0,0,1,0,0,0,7,1,6,0.001,16,10,0,0,0,0,1,1,2,2,0
httpcore,0,0,0,0,0,1,0,0,0,9,1,7,0.011,17,10,0,0,0,0,1,1,2,2,0
httpcore,0,0,0,0,0,1,0,0,0,11,1,7,0.004,18,11,0,0,0,0,1,1,2,2,0
httpcore,0,0,0,0,0,1,0,0,0,10,1,7,0.007,25,11,0,0,0,0,1,1,2,2,0
httpcore,0,0,0,0,0,1,0,0,0,7,1,6,0.001,16,11,0,0,0,0,1,1,1,1,0
httpcore,0,0,0,0,0,1,0,0,0,7,1,6,0.004,16,10,0,0,0,0,1,1,2,2,0
httpcore,0,0,0,0,0,1,0,0,0,8,1,6,0.006,16,10,0,0,0,0,1,1,2,2,0
httpcore,0,0,0,0,0,1,0,0,0,5,1,6,0.001,20,11,0,0,0,0,1,1,2,2,0
httpcore,0,0,0,0,0,1,0,0,0,5,1,6,0.07,22,11,0,0,0,0,1,1,2,2,0
httpcore,0,0,0,0,0,1,0,0,0,5,1,6,0.003,23,11,0,0,0,0,1,1,2,2,0
httpcore,0,0,0,0,0,1,0,0,0,5,1,8,0.002,15,8,0,0,0,0,1,1,2,2,0
httpcore,0,0,0,0,0,0,0,0,0,4,0,4,0.003,9,7,0,0,0,0,1,1,2,2,0
httpcore,0,0,0,0,0,0,0,0,0,3,0,2,0.016,5,3,0,0,0,0,0,0,2,2,0
httpcore,0,0,0,0,0,1,0,0,0,6,1,8,0.003,16,8,0,0,0,0,1,1,2,2,0
httpcore,0,0,0,0,0,1,0,0,0,6,1,8,0.006,17,8,0,0,0,0,1,1,2,2,0
httpcore,0,0,0,0,0,1,0,0,0,7,1,9,0.005,17,8,0,0,0,0,1,1,2,2,0
httpcore,0,0,0,0,0,1,0,0,0,4,1,6,0.001,12,7,0,0,0,0,1,1,2,2,0
httpcore,0,0,0,0,0,1,0,0,0,4,1,6,0.019,12,7,0,0,0,0,1,1,2,2,0
httpcore,0,1,1,0,0,1,0,0,0,26,4,4,0.012,67,2,0,0,0,0,0,1,2,2,0
httpcore,0,0,0,0,0,0,0,0,0,5,0,1,0.049,52,2,0,0,0,0,0,0,1,1,0
httpcore,0,1,0,0,0,0,0,0,0,17,3,1,0.004,6,2,0,0,0,0,0,0,1,1,0
httpcore,0,0,0,0,0,0,0,0,0,3,1,1,1.293,3,2,0,0,1,1,1,1,1,1,0
httpcore,0,0,0,0,0,1,0,0,0,3,0,2,0.001,4,2,0,0,1,1,1,1,1,1,1
httpcore,0,0,0,0,0,0,0,0,0,3,0,0,0.007,3,2,0,0,1,1,1,1,1,1,0
httpcore,0,1,0,0,0,1,0,0,0,17,10,16,0.013,29,10,0,0,0,0,1,2,3,3,0
httpcore,0,1,0,0,0,1,0,0,0,48,5,28,0,48,11,0,0,0,0,1,1,2,2,0
httpcore,0,1,0,0,0,0,0,0,0,45,5,1,0.008,16,11,0,0,0,0,1,1,1,1,0
httpcore,0,1,0,0,0,1,0,0,0,69,16,52,0.001,69,11,0,0,0,0,1,1,2,2,0
httpcore,0,1,0,0,0,0,0,0,0,42,6,3,0.106,12,10,0,0,0,0,1,1,1,1,0
httpcore,0,1,0,0,0,0,0,0,0,11,2,2,0,14,8,0,0,0,0,1,1,1,1,0
httpcore,0,1,0,0,0,1,0,0,0,23,4,11,0.011,24,9,0,0,0,0,1,1,2,2,0
httpcore,0,1,0,0,0,1,0,0,0,42,7,19,0.029,44,11,0,0,0,0,1,1,2,2,0
httpcore,0,0,0,0,0,1,0,0,0,25,1,16,0.105,37,11,0,0,0,0,1,1,2,2,0
httpcore,0,1,0,0,0,1,0,0,0,38,6,19,0.003,39,11,0,0,0,0,1,1,1,1,0
httpcore,0,1,0,0,0,1,0,0,0,33,7,19,0.001,36,10,0,0,0,0,1,1,2,2,0
httpcore,0,1,1,0,0,1,0,0,0,59,10,27,0.008,54,10,0,0,0,0,1,1,2,2,0
httpcore,0,1,0,0,0,1,0,0,0,57,22,45,0.014,59,6,0,0,0,0,1,1,2,2,0
httpcore,0,1,0,0,0,1,0,0,0,8,4,8,0.064,18,7,0,0,0,0,1,1,2,2,0
httpcore,0,1,0,0,0,0,0,0,0,21,3,2,0,10,4,0,0,0,0,1,1,2,2,0
httpcore,0,1,0,0,0,1,0,0,0,7,2,7,0,14,6,0,0,0,0,1,1,2,2,0
httpcore,0,1,0,0,0,1,0,0,0,27,4,7,0,23,10,0,0,0,0,0,1,2,2,0
httpcore,0,1,0,0,0,1,0,0,0,36,8,13,0.002,27,10,0,0,0,0,0,1,2,2,0
httpcore,0,1,0,0,0,1,0,0,0,27,6,14,0.103,31,10,0,0,0,0,0,1,2,2,0
httpcore,0,1,0,0,0,1,0,0,0,32,18,21,0.001,24,3,0,0,0,0,0,1,2,2,0
httpcore,0,1,0,0,0,1,0,0,0,38,18,23,0.032,26,3,0,0,0,0,0,1,2,2,0
httpcore,0,1,0,0,0,1,0,0,0,95,64,69,0.002,72,3,0,0,0,0,0,1,2,2,0
httpcore,0,1,0,0,0,1,0,0,0,22,3,3,0.001,9,2,0,0,0,0,0,1,2,2,0
httpcore,0,1,0,0,0,1,0,0,0,33,12,15,0.01,18,3,0,0,0,0,0,1,2,2,0
httpcore,0,0,0,0,0,1,0,0,0,18,1,11,0.004,18,5,0,0,0,0,0,1,2,2,0
httpcore,0,0,0,0,0,1,0,0,0,11,1,7,0.017,13,5,0,0,0,0,0,1,1,1,0
httpcore,0,1,0,1,0,0,0,0,0,19,2,0,0.004,6,2,0,0,0,0,0,0,2,2,0
httpcore,0,1,0,1,0,0,0,0,0,19,2,0,0.001,6,2,0,0,0,0,0,0,1,1,0
httpcore,0,1,0,0,0,1,0,0,0,53,14,21,0.064,39,4,0,0,0,0,0,1,2,2,0
httpcore,0,1,0,0,0,1,0,0,0,10,2,6,0.008,12,4,0,0,0,0,0,1,2,2,0
httpcore,0,0,0,0,0,1,0,0,0,5,1,4,0.002,14,7,0,0,0,0,0,1,2,2,0
httpcore,0,0,0,0,0,1,0,0,0,5,1,3,0.002,15,7,0,0,0,0,0,1,2,2,0
httpcore,0,0,0,0,0,1,0,0,0,5,1,3,0,14,7,0,0,0,0,0,1,2,2,0
httpcore,0,1,0,0,0,1,0,0,0,42,16,32,0.011,44,6,0,0,0,0,0,1,2,2,0
httpcore,0,1,0,0,0,1,0,0,0,18,9,13,0.002,25,6,0,0,0,0,0,1,2,2,0
httpcore,0,1,0,0,0,1,0,0,0,46,21,37,0.009,48,6,0,0,0,0,0,1,2,2,0
httpcore,0,1,0,0,0,1,0,0,0,13,7,9,0.066,21,6,0,0,0,0,0,1,2,2,0
httpcore,0,1,0,0,0,1,0,0,0,115,34,90,0.003,101,6,0,0,0,0,0,1,2,2,0
httpcore,0,1,0,0,0,1,0,0,0,32,20,22,0.007,34,7,0,0,0,0,0,1,2,2,0
httpcore,0,1,0,0,0,1,0,0,0,12,7,9,0.001,21,7,0,0,0,0,0,1,2,2,0
httpcore,0,1,0,0,0,1,0,0,0,8,2,7,0.002,18,4,0,0,0,0,0,1,2,2,0
httpcore,0,1,0,0,0,0,0,0,0,16,2,1,0.008,8,3,0,0,0,0,0,0,2,2,0
httpcore,0,0,0,0,0,1,0,0,0,5,1,2,0.011,10,5,0,0,0,0,0,1,2,2,0
httpcore,0,1,0,1,0,0,0,0,0,16,2,1,0.007,7,3,0,0,0,0,0,0,2,2,0
httpcore,0,0,0,0,0,1,0,0,0,5,1,3,0.011,17,5,0,0,0,0,0,1,2,2,0
httpcore,0,1,0,0,0,0,0,0,0,16,2,1,0.006,8,3,0,0,0,0,0,0,1,1,0
httpcore,0,1,0,0,0,1,0,0,0,10,2,6,0.004,20,5,0,0,0,0,0,1,1,1,0
httpcore,0,1,0,0,0,0,0,0,0,16,2,1,0.042,7,3,0,0,0,0,0,0,2,2,0
httpcore,0,1,0,0,0,1,0,0,0,18,8,12,0.002,38,7,0,0,0,0,0,1,2,2,0
httpcore,0,1,0,0,0,1,0,0,0,31,13,24,0.109,42,7,0,0,0,0,0,1,2,2,0
httpcore,0,1,0,0,0,0,0,0,0,71,10,0,0.021,34,7,0,0,0,0,0,0,2,2,0
httpcore,0,1,0,0,0,0,0,0,0,36,5,0,0.002,18,8,0,0,0,0,0,0,2,2,0
httpcore,0,1,0,0,0,1,0,0,0,24,11,14,0.002,32,9,0,0,0,0,0,1,2,2,0
httpcore,0,1,0,0,0,0,0,0,0,36,5,0,0.011,17,8,0,0,0,0,0,0,2,2,0
httpcore,0,1,0,0,0,1,0,0,0,57,20,29,0.035,52,9,0,0,0,0,0,1,2,2,0
httpcore,0,1,0,0,0,1,0,0,0,11,6,13,0.093,28,11,0,0,0,0,0,1,2,2,0
httpcore,0,1,0,0,0,1,0,0,0,30,9,12,0,30,10,0,0,0,0,0,1,2,2,0
httpcore,0,1,0,0,0,1,0,0,0,13,7,11,0.011,16,6,0,0,0,0,0,1,2,2,0
httpcore,0,1,0,0,0,1,0,0,0,8,3,6,0.002,21,8,0,0,0,0,0,1,2,2,0
httpcore,0,1,0,0,0,1,0,0,0,8,2,8,0.003,13,7,0,0,0,0,0,1,2,2,0
httpcore,0,1,0,0,0,1,0,0,0,8,2,8,0.012,13,7,0,0,0,0,0,1,2,2,0
httpcore,0,1,0,0,0,1,0,0,0,40,13,18,0.002,26,6,0,0,0,0,0,1,2,2,0
httpcore,0,1,0,0,0,1,0,0,0,18,2,7,0.006,11,4,0,0,0,0,0,1,2,2,0
httpcore,0,1,0,0,0,1,0,0,0,56,9,13,0.004,22,5,0,0,0,0,0,1,2,2,0
httpcore,0,1,0,0,0,1,0,0,0,25,11,14,0.003,18,4,0,0,0,0,0,1,2,2,0
httpcore,0,1,0,0,0,1,0,0,0,28,12,18,0.004,22,4,0,0,0,0,0,1,2,2,0
httpcore,0,1,0,0,0,1,0,0,0,12,4,7,0.002,12,4,0,0,0,0,0,1,2,2,0
httpcore,0,1,0,0,0,1,0,0,0,26,13,16,0.059,20,4,0,0,0,0,0,1,2,2,0
httpcore,0,1,0,0,0,1,0,0,0,26,13,16,0.001,20,4,0,0,0,0,0,1,2,2,0
httpcore,0,1,0,1,0,0,0,0,0,29,3,3,0.001,10,4,0,0,0,0,0,0,1,1,0
httpcore,0,1,0,0,0,0,0,0,0,33,3,3,0.004,10,4,0,0,0,0,0,0,2,2,0
httpcore,0,1,0,1,0,1,0,0,0,9,4,7,0.061,15,4,0,0,0,0,0,1,2,2,0
httpcore,0,1,0,1,0,1,0,0,0,8,2,6,0.002,14,4,0,0,0,0,0,1,2,2,0
httpcore,0,1,0,0,0,1,0,0,0,15,9,14,0.051,27,8,0,0,0,0,0,1,2,2,0
httpcore,0,0,0,0,0,0,0,0,0,8,1,2,0.004,5,2,0,0,0,0,0,0,1,1,0
httpcore,0,1,0,1,0,1,0,0,0,15,2,14,0.459,21,4,0,0,0,0,0,1,2,2,0
httpcore,0,1,0,1,0,1,0,0,0,5,2,4,0.021,5,2,0,0,0,0,0,1,2,2,0
httpcore,0,1,0,1,0,1,0,0,0,5,2,4,0.006,5,2,0,0,0,0,0,1,2,2,0
httpcore,0,1,0,0,0,1,0,0,0,6,2,4,0.008,6,2,0,0,0,0,0,1,2,2,0
httpcore,0,1,0,0,0,1,0,0,0,18,11,17,0.115,30,8,0,0,0,0,0,1,2,2,0
httpcore,0,0,0,0,0,0,0,0,0,8,1,0,0.002,5,2,0,0,0,0,0,0,1,1,0
httpcore,0,1,0,0,0,1,0,0,0,13,2,12,0.448,13,2,0,0,0,0,0,1,2,2,0
httpcore,0,1,0,0,0,1,0,0,0,6,2,4,0.006,8,4,0,0,0,0,0,1,2,2,0
httpcore,0,0,0,0,0,1,0,0,0,9,1,3,0.001,9,4,0,0,0,0,0,1,1,1,0
httpcore,0,1,0,1,0,1,0,0,0,6,3,4,0.012,6,2,0,0,0,0,0,1,2,2,0
httpcore,0,1,0,1,0,1,0,0,0,12,5,11,0.003,15,3,0,0,0,0,0,1,2,2,0
httpcore,0,1,0,0,0,1,0,0,0,27,8,13,0.002,28,4,0,0,0,0,0,1,2,2,0
httpcore,0,1,0,0,0,1,0,0,0,24,5,10,0.054,21,4,0,0,0,0,0,1,2,2,0
httpcore,0,0,0,0,0,0,0,0,0,8,1,0,0.012,5,2,0,0,0,0,0,0,2,2,0
httpcore,0,1,0,0,0,1,0,0,0,13,4,10,0.038,24,7,0,0,0,0,0,1,2,2,0
httpcore,0,1,0,0,0,1,0,0,0,8,2,12,0,30,7,0,0,0,0,0,1,2,2,0
httpcore,0,1,0,1,0,1,0,0,0,10,2,8,0.007,11,3,0,0,0,0,0,1,2,2,0
httpcore,0,1,0,1,0,1,0,0,0,7,2,5,0,8,3,0,0,0,0,0,1,2,2,0
httpcore,0,1,0,1,0,1,0,0,0,17,5,12,0.006,16,3,0,0,0,0,0,1,2,2,0
httpcore,0,1,0,1,0,1,0,0,0,14,3,11,0.021,18,4,0,0,0,0,0,1,2,2,0
httpcore,0,1,0,0,0,1,0,0,0,5,2,3,0.006,5,2,0,0,0,0,0,1,2,2,0
httpcore,0,1,0,1,0,1,0,0,0,13,4,11,0.01,16,3,0,0,0,0,0,1,2,2,0
httpcore,0,1,0,1,0,1,0,0,0,20,7,18,0,22,4,0,0,0,0,0,1,2,2,0
httpcore,0,1,0,0,0,1,0,0,0,6,2,4,0.009,7,3,0,0,0,0,0,1,2,2,0
httpcore,0,1,0,1,0,1,0,0,0,24,5,20,0.404,24,3,0,0,0,0,0,1,2,2,0
httpcore,0,1,0,1,0,1,0,0,0,17,8,15,0.026,21,3,0,0,0,0,0,1,2,2,0
httpcore,0,1,0,1,0,1,0,0,0,14,2,13,0.001,15,3,0,0,0,0,0,1,2,2,0
httpcore,0,0,0,0,0,1,0,0,0,5,1,3,0,6,3,0,0,0,0,0,1,2,2,0
httpcore,0,1,0,1,0,1,0,0,0,5,2,3,0.023,5,2,0,0,0,0,0,1,2,2,0
httpcore,0,1,0,0,0,1,0,0,0,11,6,10,0.006,17,3,0,0,0,0,0,1,2,2,0
httpcore,0,1,0,0,0,1,0,0,0,7,2,5,0.007,11,3,0,0,0,0,0,1,2,2,0
httpcore,0,0,0,0,0,0,0,0,0,8,1,2,0.007,5,2,0,0,0,0,0,0,2,2,0
httpcore,0,1,0,0,0,1,0,0,0,6,2,6,0.009,13,2,0,0,0,0,0,1,2,2,0
httpcore,0,1,0,0,0,1,0,0,0,7,3,5,0.014,8,3,0,0,0,0,0,1,2,2,0
httpcore,0,1,0,1,0,1,0,0,0,6,3,4,0.042,10,4,0,0,0,0,0,1,2,2,0
httpcore,0,1,0,0,0,0,0,0,0,14,3,3,0.001,15,4,0,0,0,0,0,0,2,2,0
httpcore,0,1,0,0,0,1,0,0,0,14,3,12,0.448,16,3,0,0,0,0,0,1,2,2,0
httpcore,0,1,0,0,0,1,0,0,0,7,3,5,0.007,8,3,0,0,0,0,0,1,2,2,0
httpcore,0,1,0,1,0,1,0,0,0,6,3,4,0.006,7,3,0,0,0,0,0,1,2,2,0
httpcore,0,1,0,0,0,0,0,0,0,10,2,2,0.025,12,4,0,0,0,0,0,0,2,2,0
httpcore,0,1,0,0,0,1,0,0,0,14,3,12,0.333,16,3,0,0,0,0,0,1,2,2,0
httpcore,0,1,0,0,0,1,0,0,0,7,2,4,0.027,10,5,0,0,0,0,0,1,2,2,0
httpcore,0,1,0,0,1,1,0,0,0,31,9,23,0.01,38,7,1,1,1,2,2,2,2,2,13
httpcore,0,1,0,0,1,1,0,0,0,55,10,45,0.237,67,8,1,1,1,2,2,2,2,2,24
httpcore,0,1,0,0,1,1,0,0,0,67,16,52,0.217,77,8,1,1,1,2,2,2,2,2,23
httpcore,0,0,0,0,0,1,0,0,0,5,0,2,0.001,6,4,0,0,0,1,1,1,1,1,1
httpcore,0,1,0,0,1,1,0,0,0,157,26,91,0.094,140,8,1,1,1,2,2,2,2,2,97
httpcore,0,1,0,0,1,1,0,0,0,51,9,34,0.223,54,8,1,1,1,2,2,2,2,2,28
httpcore,0,1,0,0,0,1,0,0,0,15,9,14,0.001,27,6,0,0,1,2,2,2,2,2,1
httpcore,0,1,0,0,1,1,0,0,0,34,10,19,0.017,37,7,1,1,1,2,2,2,2,2,12
httpcore,0,0,0,0,0,1,0,0,0,5,0,2,0.009,6,4,0,0,0,1,1,1,1,1,1
httpcore,0,0,0,0,0,1,0,0,0,6,1,2,0.002,10,2,0,0,1,1,1,1,1,1,0
httpcore,0,1,0,0,0,1,0,0,0,18,3,3,0.004,11,2,0,0,0,1,1,1,1,1,1
httpcore,0,1,0,0,0,1,0,0,0,14,2,2,0.001,11,4,0,0,0,2,2,2,2,2,1
httpcore,0,1,0,0,1,1,0,0,0,49,6,38,0.03,57,8,1,1,1,2,2,2,2,2,29
httpcore,0,1,0,0,1,1,0,0,0,34,6,26,0.115,35,8,1,1,1,2,2,2,2,2,15
httpcore,0,1,0,0,1,1,0,0,0,87,18,65,0.02,88,8,1,1,1,2,2,2,2,2,37
httpcore,0,0,0,0,0,1,0,0,0,5,0,3,0.001,10,5,0,0,0,2,2,2,2,2,2
httpcore,0,1,0,0,0,1,0,0,0,24,4,2,0.001,13,4,0,0,0,1,1,1,1,1,1
httpcore,0,0,0,0,1,1,0,0,0,19,1,12,0.012,18,5,0,0,0,2,2,2,2,2,10
httpcore,0,1,0,0,1,1,0,0,0,95,18,65,1.711,89,8,1,1,1,2,2,2,2,2,46
httpcore,0,1,0,0,1,1,0,0,0,32,9,27,0.008,41,8,1,1,1,2,2,2,2,2,14
httpcore,0,1,0,0,1,1,0,0,0,35,10,20,0.016,39,7,1,1,1,2,2,2,2,2,13
httpcore,0,1,0,1,0,1,0,0,0,18,10,15,0.007,19,3,0,0,1,2,2,2,2,2,1
httpcore,0,1,0,1,0,1,0,0,0,23,12,15,0.011,21,3,0,0,1,2,2,2,2,2,1
httpcore,0,1,0,1,0,0,0,0,0,9,6,8,0.001,21,3,1,1,1,2,2,2,2,2,0
httpcore,0,1,0,1,0,1,0,0,0,24,12,16,0.021,22,3,0,0,1,2,2,2,2,2,3
httpcore,0,1,0,1,0,1,0,0,0,55,23,50,0.008,52,4,1,1,1,2,2,2,2,2,12
httpcore,0,1,0,1,0,1,0,0,0,50,13,47,0.004,49,4,0,0,1,2,2,2,2,2,12
httpcore,0,0,0,0,0,0,0,0,0,4,0,3,0.015,4,3,0,0,0,2,2,2,2,2,0
httpcore,0,0,0,0,0,1,0,0,0,6,0,4,0.006,8,4,0,0,0,2,2,2,2,2,1
httpcore,0,1,0,1,0,1,0,0,0,59,27,56,0.003,57,4,0,0,1,2,2,2,2,2,12
httpcore,0,0,0,0,0,0,0,0,0,4,0,2,0.008,4,3,0,0,0,1,1,1,1,1,0
httpcore,0,1,0,1,0,1,0,0,0,41,10,35,0.074,50,4,0,0,1,2,2,2,2,2,15
httpcore,0,1,0,1,0,1,0,0,0,22,12,24,1.812,26,4,0,0,1,2,2,2,2,2,4
httpcore,1,1,1,0,1,1,0,0,0,120,6,59,1.397,360,59,0,0,2,2,2,2,3,3,0
httpcore,1,0,1,0,1,1,0,0,0,62,0,38,1.338,246,60,0,0,2,2,2,2,2,2,0
httpcore,1,1,1,0,0,1,0,0,0,116,6,51,0.905,286,59,0,0,2,2,2,2,4,4,0
httpcore,0,0,0,0,0,1,0,0,0,16,0,29,0.912,258,59,0,0,2,2,2,2,2,2,0
httpcore,0,1,1,0,0,1,0,0,0,97,6,41,0.107,258,54,0,0,2,2,2,2,3,3,0
httpcore,1,0,0,0,0,1,0,0,0,25,0,33,1.79,293,61,0,0,2,2,2,2,3,3,0
httpcore,0,0,0,0,0,1,0,0,0,25,0,32,1.801,264,59,0,0,2,2,2,2,2,2,0
httpcore,0,0,0,0,0,1,0,0,0,25,0,31,1.742,246,60,0,0,2,2,2,2,2,2,0
httpcore,0,1,1,0,0,1,0,0,0,119,6,63,1.422,293,62,0,0,2,2,2,2,4,4,0
httpcore,0,0,0,0,0,1,0,0,0,25,0,33,1.017,262,59,0,0,2,2,2,2,2,2,0
httpcore,1,1,1,0,0,1,0,0,0,101,6,53,0.148,285,59,0,0,2,2,2,2,3,3,0
httpcore,1,1,1,0,0,1,0,0,0,96,5,50,0.094,278,58,0,0,2,2,2,2,3,3,0
httpcore,1,1,1,0,0,1,0,0,0,95,6,38,0.081,252,53,0,0,2,2,2,2,3,3,0
httpcore,0,0,0,0,0,1,0,0,0,16,0,27,0.911,245,65,0,0,2,2,2,2,2,2,0
httpcore,1,0,0,0,0,1,0,0,0,24,0,30,1.791,280,67,0,0,2,2,2,2,2,2,0
httpcore,1,0,0,0,0,1,0,0,0,24,0,28,1.754,270,64,0,0,2,2,2,2,2,2,0
httpcore,0,0,0,0,0,1,0,0,0,24,0,29,2.818,256,65,0,0,2,2,2,2,3,3,0
httpcore,1,0,0,0,0,1,0,0,0,24,0,29,0.997,268,64,0,0,2,2,2,2,2,2,0
httpcore,0,0,0,0,0,1,0,0,0,16,0,23,3.861,258,63,0,1,1,1,1,1,2,2,0
httpcore,0,0,0,0,0,1,0,0,0,24,0,27,2.119,290,65,0,1,1,1,1,1,2,2,0
httpcore,0,0,0,0,0,1,0,0,0,24,0,24,2.086,278,61,0,1,1,1,1,1,2,2,0
httpcore,1,0,0,0,0,1,0,0,0,24,0,24,2.104,286,61,0,1,2,2,2,2,2,2,0
httpcore,0,0,0,0,0,1,0,0,0,25,0,25,1.157,279,61,0,1,1,1,1,1,2,2,0
httpcore,0,1,1,0,0,1,0,0,0,121,6,67,0.226,363,67,0,0,2,2,2,2,3,3,0
httpcore,0,0,0,0,0,1,0,0,0,24,0,40,1.022,362,64,0,0,2,2,2,2,3,3,0
httpcore,1,1,1,0,1,1,0,0,0,166,7,58,2.138,381,65,0,0,2,2,2,2,3,3,0
httpcore,1,0,0,0,0,1,0,0,0,16,0,32,2.047,276,64,0,0,2,2,2,2,2,2,0
httpcore,0,1,1,0,0,1,0,0,0,99,6,55,0.186,294,58,0,0,2,2,2,2,3,3,0
httpcore,1,0,0,0,0,1,0,0,0,24,0,38,1.873,345,66,0,0,2,2,2,2,3,3,0
httpcore,0,1,1,0,0,1,0,0,0,122,6,65,1.811,384,65,0,0,2,2,2,2,3,3,0
httpcore,1,0,0,0,0,1,0,0,0,24,0,38,1.775,318,64,0,0,2,2,2,2,3,3,0
httpcore,0,0,0,0,0,1,0,0,0,24,0,38,1.806,322,64,0,0,2,2,2,2,2,2,0
httpcore,0,1,1,0,0,1,0,0,0,77,3,51,0.093,269,60,0,0,2,2,2,2,3,3,0
httpcore,0,1,0,0,0,1,0,0,0,77,4,32,1.173,233,61,0,0,2,2,2,2,2,2,0
httpcore,0,1,0,0,0,1,0,0,0,13,6,10,0.012,15,4,0,0,0,0,0,1,2,2,0
httpcore,0,1,0,0,0,1,0,0,0,21,13,17,0.006,19,2,0,0,0,0,0,1,2,2,0
httpcore,0,1,0,0,0,1,0,0,0,21,13,17,0,19,2,0,0,0,0,0,1,2,2,0
httpcore,0,1,0,0,0,1,0,0,0,5,2,3,0.002,9,4,0,0,0,0,0,1,1,1,0
httpcore,0,1,0,0,0,1,0,0,0,32,10,22,0.08,32,6,0,0,0,0,0,1,2,2,0
httpcore,0,0,0,0,0,1,0,0,0,6,1,5,0.005,10,4,0,0,0,0,0,1,2,2,0
httpcore,0,0,0,0,0,1,0,0,0,22,1,16,0.081,27,8,0,0,0,0,0,1,2,2,0
httpcore,0,1,0,1,0,1,0,0,0,15,6,12,0.007,16,3,0,0,0,0,0,1,4,4,0
httpcore,0,1,0,1,0,1,0,0,0,13,3,7,0.042,15,3,0,0,0,0,0,1,3,3,0
httpcore,0,1,0,1,0,1,0,0,0,13,9,12,0.045,16,4,0,0,0,0,0,1,2,2,0
httpcore,0,1,0,1,0,1,0,0,0,10,5,7,0.002,11,4,0,0,0,0,0,1,2,2,0
httpcore,0,1,0,1,0,1,0,0,0,22,9,18,0.002,22,4,0,0,0,0,0,1,2,2,0
httpcore,1,1,0,0,1,1,0,0,0,39,6,28,0.216,53,10,0,0,0,1,1,1,1,1,13
httpcore,1,1,0,0,1,1,0,0,0,48,10,41,0.204,63,10,0,0,0,2,2,2,2,2,10
httpcore,0,0,0,0,0,1,0,0,0,5,0,2,0.001,5,3,0,0,0,1,1,1,1,1,1
httpcore,0,1,0,0,1,1,0,0,0,102,22,85,0.099,98,11,0,0,1,2,2,2,2,2,30
httpcore,1,1,0,0,1,1,0,0,0,32,6,27,0.223,47,10,0,0,1,2,2,2,2,2,11
httpcore,0,1,0,0,0,1,0,0,0,15,7,14,0.002,27,6,0,0,1,2,2,2,2,2,1
httpcore,0,0,0,0,0,1,0,0,0,5,0,4,0.015,7,3,0,0,0,1,1,1,1,1,1
httpcore,0,1,0,0,0,1,0,0,0,13,2,4,0.001,9,2,0,0,0,1,1,1,1,1,1
httpcore,0,1,0,0,1,1,0,0,0,33,6,26,0.06,38,10,0,0,0,1,1,1,1,1,5
httpcore,0,0,0,0,0,1,0,0,0,9,1,2,0.012,7,3,0,0,0,1,1,1,1,1,1
httpcore,0,1,0,0,1,1,0,0,0,16,4,15,0.03,27,8,0,0,0,1,1,1,1,1,3
httpcore,0,1,0,0,1,1,0,0,0,36,8,33,0.021,48,10,0,0,0,1,1,1,1,1,13
httpcore,1,1,0,0,1,1,0,0,0,24,5,21,0.04,30,10,0,0,0,1,1,1,1,1,5
httpcore,0,1,0,0,1,1,0,0,0,97,20,85,0.11,99,11,0,0,1,2,2,2,2,2,15
httpcore,0,0,0,0,0,1,0,0,0,5,0,3,0.008,9,5,0,0,0,1,1,1,1,1,2
httpcore,0,1,0,0,1,1,0,0,0,24,4,4,0.007,12,3,0,0,0,1,1,1,1,1,1
httpcore,0,1,0,0,1,1,0,0,0,38,6,27,0.047,53,10,0,0,0,1,1,1,1,1,14
httpcore,1,1,0,0,1,1,0,0,0,58,11,49,1.495,64,11,1,1,1,2,2,2,2,2,16
httpcore,0,1,0,1,0,0,0,0,0,8,4,6,1.35,9,3,0,0,0,1,1,1,1,1,0
httpcore,0,1,0,1,0,0,0,0,0,15,6,13,0.005,19,3,0,0,1,1,1,1,1,1,1
httpcore,0,1,0,0,1,0,0,0,0,17,3,3,0.002,11,2,0,0,0,1,1,1,1,1,0
httpcore,0,0,0,0,0,0,0,0,0,4,0,1,0.006,4,3,0,0,0,1,1,1,1,1,0
httpcore,0,1,0,1,0,0,0,0,0,5,2,3,0.006,6,3,0,0,0,1,1,1,1,1,0
httpcore,0,1,0,1,0,1,0,0,0,11,6,11,0.002,15,5,0,0,0,1,1,1,1,1,1
httpcore,0,1,0,1,0,0,0,0,0,10,7,8,0.009,21,3,1,1,1,1,1,1,1,1,0
httpcore,0,1,0,1,0,1,0,0,0,38,19,34,0.005,37,5,1,1,1,1,1,1,1,1,3
httpcore,0,1,0,1,0,1,0,0,0,42,17,36,1.29,40,5,0,0,0,1,1,1,1,1,3
httpcore,0,0,0,0,0,0,0,0,0,4,0,3,0.001,5,3,0,0,0,1,1,1,1,1,0
httpcore,0,0,0,0,0,1,0,0,0,6,0,5,0.003,17,5,0,0,0,1,1,1,1,1,1
httpcore,0,1,0,1,0,1,0,0,0,42,23,36,0.002,37,5,0,0,0,1,1,1,1,1,3
httpcore,0,0,0,0,0,0,0,0,0,4,0,2,0,4,3,0,0,0,1,1,1,1,1,0
httpcore,0,1,0,1,0,1,0,0,0,32,10,23,0.253,39,5,0,0,0,1,1,1,1,1,6
httpcore,0,1,0,1,0,1,0,0,0,22,9,18,0.008,24,3,0,0,0,1,1,1,1,1,2
httpcore,0,1,0,1,0,1,0,0,0,15,6,11,0.007,14,3,0,0,0,0,0,1,2,2,0
httpcore,0,1,0,1,0,1,0,0,0,9,2,6,0.009,9,2,0,0,0,0,0,1,2,2,0
httpcore,0,1,0,1,0,1,0,0,0,15,5,11,0.001,14,3,0,0,0,0,0,1,2,2,0
httpcore,0,1,0,1,0,1,0,0,0,9,2,6,0.044,9,2,0,0,0,0,0,1,2,2,0
httpcore,0,1,0,1,0,1,0,0,0,21,2,11,0.009,15,4,0,0,0,0,0,1,2,2,0
httpcore,0,1,0,0,0,0,0,0,0,21,3,1,0.007,8,3,0,0,0,0,0,0,2,2,0
httpcore,0,1,0,0,0,1,0,0,0,28,11,21,0.027,25,3,0,0,0,0,0,1,2,2,0
httpcore,0,1,0,0,0,1,0,0,0,6,2,4,0.006,7,3,0,0,0,0,0,1,2,2,0
httpcore,0,1,0,1,0,1,0,0,0,27,3,21,0.015,40,12,0,0,0,1,1,1,2,2,10
httpcore,0,0,0,1,0,1,0,0,0,27,0,20,0.02,42,13,0,0,0,1,1,1,2,2,12
httpcore,0,1,0,1,0,1,0,0,0,26,2,15,1.676,64,20,0,0,0,1,1,1,2,2,9
httpcore,0,0,0,1,0,1,0,0,0,29,0,24,0.021,51,16,0,0,0,1,1,1,2,2,18
httpcore,0,0,0,1,0,1,0,0,0,29,0,23,0.037,48,15,0,0,0,1,1,1,2,2,17
httpcore,0,0,0,1,0,1,0,0,0,32,1,24,0.027,49,15,0,0,0,1,1,1,2,2,18
httpcore,0,0,0,1,0,1,0,0,0,23,0,18,0.021,37,12,0,0,0,1,1,1,2,2,11
httpcore,0,1,0,0,0,1,0,0,0,16,2,8,0.011,19,6,0,0,0,1,1,1,2,2,3
httpcore,0,0,0,1,0,1,0,0,0,23,0,18,0.015,37,12,0,0,0,1,1,1,2,2,11
httpcore,0,1,0,0,0,1,0,0,0,16,2,9,0.021,18,6,0,0,0,1,1,1,2,2,3
httpcore,0,1,0,1,0,1,0,0,0,30,3,21,0.022,40,12,0,0,0,1,1,1,2,2,12
httpcore,0,1,0,1,0,1,0,0,0,101,15,10,0.008,53,10,0,0,0,1,1,1,2,2,2
httpcore,0,1,0,1,0,0,0,0,0,32,4,2,0.005,10,3,0,0,0,0,0,0,1,1,0
httpcore,0,0,0,0,0,0,0,0,0,4,0,3,0.004,5,3,0,0,0,1,1,1,1,1,0
httpcore,0,1,0,1,0,1,0,0,0,50,14,38,0.045,42,4,0,0,0,1,1,1,2,2,0
httpcore,0,1,0,1,0,1,0,0,0,14,2,9,0.001,14,4,0,0,0,1,1,1,2,2,0
httpcore,0,1,0,1,0,1,0,0,0,30,8,22,0.001,28,4,0,0,0,1,1,1,2,2,0
httpcore,0,1,0,1,0,1,0,0,0,24,6,17,0.007,23,4,0,0,0,1,1,1,2,2,0
httpcore,0,1,0,1,0,1,0,0,0,24,6,17,0.003,23,4,0,0,0,1,1,1,2,2,0
httpcore,0,1,0,0,0,1,0,0,0,36,4,25,0.018,52,15,0,0,0,1,1,1,2,2,17
httpcore,0,0,0,0,0,1,0,0,0,25,0,17,0.043,38,14,0,0,0,1,1,1,2,2,12
httpcore,0,0,0,0,0,1,0,0,0,25,0,17,0.023,39,15,0,0,0,1,1,1,2,2,12
httpcore,0,1,0,0,0,1,0,0,0,38,4,27,0.028,55,15,0,0,0,1,1,1,2,2,21
httpcore,0,1,0,0,0,1,0,0,0,42,4,32,1.955,68,20,0,0,0,1,1,1,2,2,20
httpcore,0,1,0,0,0,1,0,0,0,54,4,40,0.033,92,21,0,0,0,1,1,1,2,2,20
httpcore,0,1,0,0,0,1,0,0,0,46,4,37,0.035,72,20,0,0,0,1,1,1,2,2,24
httpcore,0,1,0,0,0,1,0,0,0,47,4,40,0.052,81,24,0,0,1,1,1,1,2,2,25
httpcore,0,1,0,0,0,1,0,0,0,47,4,8,0.002,29,5,0,0,0,1,1,1,2,2,4
httpcore,0,1,0,0,0,1,0,0,0,43,4,33,0.135,66,21,0,0,1,1,1,1,2,2,24
httpcore,0,1,0,0,0,1,0,0,0,43,4,33,0.037,66,21,0,0,1,1,1,1,2,2,24
httpcore,0,1,0,0,0,1,0,0,0,43,4,35,0.011,70,22,0,0,1,1,1,1,2,2,24
httpcore,0,1,1,0,1,1,0,0,0,112,4,29,1.253,344,88,0,0,0,2,2,2,3,3,0
httpcore,0,1,1,0,1,1,0,0,0,94,5,33,0.057,304,85,0,0,0,1,1,1,3,3,0
httpcore,0,1,1,0,1,1,0,0,0,85,4,42,0.129,373,84,0,0,0,1,1,1,3,3,0
httpcore,0,1,1,0,1,1,0,0,0,74,4,36,0.826,306,80,0,0,0,1,1,1,3,3,0
httpcore,0,1,1,0,1,1,0,0,0,81,4,32,0.214,331,84,0,0,0,1,1,1,3,3,0
httpcore,0,1,1,0,1,1,0,0,0,85,5,32,0.095,295,81,0,0,0,1,1,1,3,3,0
httpcore,0,1,1,0,1,1,0,0,0,81,4,30,0.082,290,81,0,0,0,1,1,1,3,3,0
httpcore,0,0,0,0,0,1,0,0,0,8,1,8,0.003,29,12,0,0,0,1,1,1,3,3,0
httpcore,0,1,0,0,0,1,0,0,0,12,3,12,0.007,31,11,0,0,0,0,0,1,2,2,0
httpcore,0,1,0,0,0,1,0,0,0,9,2,9,0.013,27,11,0,0,0,0,0,1,2,2,0
httpcore,0,0,0,0,0,0,0,0,0,9,1,3,0,5,2,0,0,0,0,0,0,2,2,0
httpcore,0,0,0,0,0,1,0,0,0,17,1,9,0.001,39,15,0,0,0,1,1,1,2,2,0
httpcore,0,1,0,0,0,1,0,0,0,15,3,15,0.002,47,16,0,0,0,1,1,1,2,2,0
httpcore,0,1,0,0,0,1,0,0,0,14,3,14,0.001,43,15,0,0,0,1,1,1,2,2,0
httpcore,0,0,0,0,0,1,0,0,0,17,1,8,0,37,14,0,0,0,0,0,1,2,2,0
httpcore,0,1,0,0,0,1,0,0,0,15,3,14,0.009,40,15,0,0,0,0,0,1,2,2,0
httpcore,0,0,0,0,0,1,0,0,0,7,1,7,0.001,12,6,0,0,0,0,0,1,2,2,0
httpcore,0,0,0,0,0,0,0,0,0,9,1,1,0.002,5,2,0,0,0,0,0,0,1,1,0
httpcore,0,1,0,0,0,1,0,0,0,11,3,10,0.011,32,12,0,0,0,0,0,1,2,2,0
httpcore,0,1,0,0,0,1,0,0,0,11,2,10,0.007,36,15,0,0,0,0,0,1,2,2,0
httpcore,0,1,0,0,0,1,0,0,0,21,2,8,0.001,29,10,0,0,0,0,0,1,2,2,0
httpcore,0,1,0,0,0,1,0,0,0,17,4,16,0,47,15,0,0,0,0,0,1,2,2,0
httpcore,0,1,0,0,0,1,0,0,0,14,2,11,0.003,23,9,0,0,0,0,0,1,2,2,0
httpcore,0,0,0,0,0,0,0,0,0,9,1,1,0.001,5,2,0,0,0,0,0,0,1,1,0
httpcore,0,0,0,0,0,1,0,0,0,9,1,8,0.001,14,7,0,0,0,0,0,1,2,2,0
httpcore,0,1,0,0,0,1,0,0,0,13,2,14,0.001,45,16,0,0,0,1,1,1,2,2,0
httpcore,0,0,0,0,0,1,0,0,0,13,1,13,0.009,44,16,0,0,0,1,1,1,2,2,0
httpcore,0,0,0,0,0,1,0,0,0,7,1,7,0.001,12,6,0,0,0,0,0,1,2,2,0
httpcore,0,0,0,0,0,0,0,0,0,9,1,1,0,5,2,0,0,0,0,0,0,2,2,0
httpcore,0,0,0,0,0,1,0,0,0,12,1,13,0.01,43,15,0,0,0,1,1,1,2,2,0
httpcore,0,0,0,0,0,1,0,0,0,12,1,14,0.001,36,13,0,0,0,1,1,1,2,2,0
httpcore,0,0,0,0,0,1,0,0,0,10,1,11,0.007,27,9,0,0,0,0,0,1,2,2,0
httpcore,0,1,0,0,0,1,0,0,0,11,2,11,0.001,42,13,0,0,0,0,0,1,2,2,0
httpcore,0,1,0,0,0,1,0,0,0,16,2,16,1.479,52,12,0,0,0,1,1,1,2,2,8
httpcore,0,0,0,0,0,1,0,0,0,11,0,10,0.003,38,13,0,0,0,1,1,1,2,2,5
httpcore,0,1,0,0,0,1,0,0,0,11,2,11,0.003,43,12,0,0,0,0,0,1,2,2,0
httpcore,0,1,0,0,0,0,0,0,0,15,2,4,0.012,12,5,0,0,0,0,0,0,2,2,0
httpcore,0,0,0,0,0,1,0,0,0,9,1,8,0,28,8,0,0,0,0,0,1,2,2,0
httpcore,0,0,0,0,0,0,0,0,0,11,1,6,0,33,13,0,0,0,0,0,0,2,2,0
httpcore,0,1,0,0,0,1,0,0,0,12,2,14,0.006,39,12,0,0,0,0,0,1,2,2,0
httpcore,0,1,0,0,0,1,0,0,0,10,2,10,0.002,24,10,0,0,0,0,0,1,2,2,0
httpcore,0,0,0,0,0,0,0,0,0,9,1,1,0.008,5,2,0,0,0,0,0,0,2,2,0
httpcore,0,0,0,0,0,1,0,0,0,8,1,8,0.007,20,9,0,0,0,0,0,1,2,2,0
httpcore,0,1,0,0,0,1,0,0,0,11,2,11,0.001,23,9,0,0,0,0,0,1,2,2,0
httpcore,0,1,0,0,0,1,0,0,0,15,2,16,0.102,42,14,0,0,0,1,1,1,2,2,0
httpcore,0,0,0,0,0,1,0,0,0,13,1,14,0.002,37,12,0,0,0,1,1,1,2,2,0
httpcore,0,0,0,0,0,1,0,0,0,11,1,11,0.006,28,10,0,0,0,0,0,1,2,2,0
httpcore,0,0,0,0,0,1,0,0,0,10,1,12,0.003,35,11,0,0,0,1,1,1,2,2,0
httpcore,0,1,0,0,0,1,0,0,0,14,2,14,0.008,31,11,0,0,0,0,0,1,2,2,0
httpcore,0,1,0,0,0,1,0,0,0,16,2,14,0.002,32,11,0,0,0,0,0,1,2,2,0
httpcore,0,1,0,0,0,0,0,0,0,16,2,5,0.001,14,6,0,0,0,0,0,0,2,2,0
httpcore,0,0,0,0,0,1,0,0,0,8,1,8,0.001,19,7,0,0,0,0,0,1,2,2,0
httpcore,0,1,0,0,0,1,0,0,0,27,2,9,0.001,28,9,0,0,0,0,0,1,2,2,0
httpcore,0,1,0,0,0,1,0,0,0,8,2,8,0.002,20,8,0,0,0,1,1,1,2,2,0
httpcore,0,1,0,0,0,1,0,0,0,14,3,16,0.008,34,11,0,0,0,1,1,1,2,2,0
httpcore,0,1,0,0,0,1,0,0,0,13,2,15,0.003,32,10,0,0,0,1,1,1,2,2,0
httpcore,0,1,0,0,0,1,0,0,0,14,3,16,0.001,34,10,0,0,0,1,1,1,2,2,0
httpcore,0,1,0,0,0,1,0,0,0,16,4,19,0.002,44,10,0,0,0,1,1,1,2,2,0
httpcore,0,1,0,0,0,1,0,0,0,12,2,14,0.001,30,9,0,0,0,1,1,1,2,2,0
httpcore,0,1,0,0,0,1,0,0,0,12,2,14,0.003,30,9,0,0,0,1,1,1,2,2,0
httpcore,0,0,0,0,0,0,0,0,0,9,1,2,0.011,5,2,0,0,0,0,1,1,1,1,0
httpcore,0,1,0,0,0,0,0,0,0,20,2,6,0.005,24,10,0,0,0,1,1,1,2,2,0
httpcore,0,1,0,0,0,1,0,0,0,9,2,9,0.008,21,8,0,0,0,1,1,1,2,2,0
httpcore,0,1,0,0,0,1,0,0,0,10,2,10,0.009,23,8,0,0,0,1,1,1,2,2,0
httpcore,0,0,0,0,0,1,0,0,0,9,1,9,0.001,19,7,0,0,0,1,1,1,2,2,0
httpcore,0,0,0,0,0,1,0,0,0,9,1,9,0.003,20,7,0,0,0,1,1,1,2,2,0
httpcore,0,0,0,0,0,1,0,0,0,9,1,9,0.001,19,7,0,0,0,1,1,1,2,2,0
httpcore,0,1,0,0,0,1,0,0,0,11,2,10,0.144,21,9,0,0,0,0,0,1,2,2,0
httpcore,0,0,0,0,0,0,0,0,0,9,1,2,0,5,2,0,0,0,0,0,0,1,1,0
httpcore,0,0,0,0,0,1,0,0,0,9,1,8,0.004,16,7,0,0,0,0,0,1,2,2,0
httpcore,0,1,0,0,0,1,0,0,0,10,2,11,0.023,24,10,0,0,0,0,0,1,2,2,0
httpcore,0,0,0,0,0,0,0,0,0,9,1,1,0.012,5,2,0,0,0,0,0,0,2,2,0
httpcore,0,0,0,0,0,1,0,0,0,8,1,9,0.001,20,9,0,0,0,0,0,1,2,2,0
httpcore,0,1,0,0,0,1,0,0,0,11,2,12,0.001,24,10,0,0,0,0,0,1,2,2,0
httpcore,0,0,0,0,0,0,0,0,0,15,0,15,0.057,26,7,0,0,0,0,0,1,2,2,0
httpcore,0,0,0,0,0,1,0,0,0,5,1,3,0.003,5,2,0,0,0,0,0,1,2,2,0
httpcore,0,1,0,1,0,1,0,0,0,24,13,16,0.045,19,2,0,0,0,0,0,1,3,3,0
httpcore,0,1,0,0,0,1,0,0,0,17,8,14,0,20,2,0,0,0,0,0,1,2,2,0
httpcore,0,1,0,0,0,1,0,0,0,15,6,12,0.002,19,3,0,0,0,0,0,1,2,2,0
httpcore,0,0,0,0,0,1,0,0,0,12,1,10,0.389,15,2,0,0,0,0,0,1,2,2,0
httpcore,0,1,0,0,0,1,0,0,0,10,4,8,0.001,16,2,0,0,0,0,0,1,2,2,0
httpcore,0,1,0,0,0,1,0,0,0,14,6,12,0,14,2,0,0,0,0,0,1,2,2,0
httpcore,0,0,0,0,0,1,0,0,0,5,1,3,0.001,5,2,0,0,0,0,0,1,2,2,0
httpcore,0,1,0,0,0,1,0,0,0,9,6,6,0.001,8,2,0,0,0,0,0,1,2,2,0
httpcore,0,1,0,0,0,1,0,0,0,35,18,20,0.023,37,3,0,0,0,0,0,1,2,2,0
httpcore,0,1,0,0,0,0,0,0,0,14,2,2,0.001,11,3,0,0,0,0,0,0,1,1,0
httpcore,0,0,0,0,0,1,0,0,0,12,1,10,0.464,13,2,0,0,0,0,0,1,2,2,0
httpcore,0,0,0,1,0,1,0,0,0,12,1,8,0.002,12,2,0,0,0,0,0,1,2,2,0
httpcore,0,0,0,1,0,1,0,0,0,5,1,3,0.004,5,2,0,0,0,0,0,1,1,1,0
httpcore,0,0,0,1,0,1,0,0,0,5,1,3,0.009,5,2,0,0,0,0,0,1,1,1,0
httpcore,0,0,0,1,0,1,0,0,0,5,1,3,0.001,5,2,0,0,0,0,0,1,1,1,0
httpcore,0,1,0,1,0,1,0,0,0,15,4,7,0.002,11,2,0,0,0,0,0,1,2,2,0
httpcore,0,1,0,1,0,1,0,0,0,13,5,5,0.001,8,2,0,0,0,0,0,1,2,2,0
httpcore,0,1,0,1,0,1,0,0,0,7,2,6,0.002,10,2,0,0,0,0,0,1,1,1,0
httpcore,0,1,0,1,0,1,0,0,0,17,5,11,0.002,13,2,0,0,0,0,0,1,2,2,0
httpcore,0,1,0,1,0,1,0,0,0,17,6,13,0.005,15,2,0,0,0,0,0,1,2,2,0
httpcore,0,1,0,0,0,0,0,0,0,36,5,5,0.019,13,2,0,0,0,0,0,0,2,2,0
httpcore,0,1,0,0,0,0,0,0,0,36,5,4,0.01,12,2,0,0,0,0,0,0,2,2,0
httpcore,0,1,0,1,0,1,0,0,0,22,7,20,0.585,22,2,0,0,0,0,0,1,2,2,0
httpcore,0,1,0,0,0,0,0,0,0,15,2,1,0.001,6,2,0,0,0,0,0,0,1,1,0
httpcore,0,0,0,1,0,1,0,0,0,5,1,4,0,6,2,0,0,0,0,0,1,2,2,0
httpcore,0,1,0,1,0,1,0,0,0,30,18,23,0.001,27,2,0,0,0,0,0,1,3,3,0
httpcore,0,0,0,1,0,1,0,0,0,12,1,8,0.005,10,2,0,0,0,0,0,1,1,1,0
httpcore,0,0,0,1,0,1,0,0,0,8,1,6,0.001,8,2,0,0,0,0,0,1,2,2,0
httpcore,0,1,0,1,0,1,0,0,0,14,7,11,0.004,15,2,0,0,0,0,0,1,2,2,0
httpcore,0,0,0,1,0,1,0,0,0,5,1,3,0,5,2,0,0,0,0,0,1,1,1,0
httpcore,0,0,0,1,0,1,0,0,0,5,1,3,0.04,5,2,0,0,0,0,0,1,1,1,0
httpcore,0,0,0,1,0,1,0,0,0,6,1,4,0.005,6,2,0,0,0,0,0,1,1,1,0
httpcore,0,0,0,1,0,1,0,0,0,5,1,3,0.001,5,2,0,0,0,0,0,1,1,1,0
httpcore,0,0,0,1,0,1,0,0,0,10,1,8,0.013,10,2,0,0,0,0,0,1,2,2,0
httpcore,0,0,0,1,0,1,0,0,0,6,1,4,0.001,6,2,0,0,0,0,0,1,2,2,0
httpcore,0,1,0,1,0,1,0,0,0,13,5,5,0.004,8,2,0,0,0,0,0,1,2,2,0
httpcore,0,1,0,1,0,1,0,0,0,7,2,5,0,9,2,0,0,0,0,0,1,1,1,0
httpcore,0,1,0,1,0,1,0,0,0,19,6,12,0.002,14,2,0,0,0,0,0,1,2,2,0
httpcore,0,1,0,1,0,1,0,0,0,9,5,7,0.001,9,2,0,0,0,0,0,1,2,2,0
httpcore,0,1,0,0,0,0,0,0,0,36,5,4,0.005,12,2,0,0,0,0,0,0,1,1,0
httpcore,0,1,0,0,0,0,0,0,0,36,5,3,0.006,13,2,0,0,0,0,0,0,2,2,0
httpcore,0,1,0,1,0,1,0,0,0,22,7,20,0.481,22,2,0,0,0,0,0,1,2,2,0
httpcore,0,1,0,0,0,0,0,0,0,15,2,2,0.001,6,2,0,0,0,0,0,0,1,1,0
httpcore,0,0,0,1,0,1,0,0,0,5,1,3,0.007,6,2,0,0,0,0,0,1,1,1,0
httpcore,0,1,0,1,0,1,0,0,0,32,19,24,0,28,2,0,0,0,0,0,1,2,2,0
httpcore,0,1,0,1,0,1,0,0,0,10,6,8,0.006,16,3,0,0,0,0,0,1,2,2,0
httpcore,0,1,0,1,0,0,0,0,0,40,6,2,0.006,15,2,0,0,0,0,0,0,2,2,0
httpcore,0,1,0,0,0,1,0,0,0,16,3,2,0.001,8,2,0,0,0,0,0,1,1,1,0
httpcore,0,1,0,0,0,0,0,0,0,17,4,0,0.031,4,2,0,0,0,0,0,0,1,1,0
httpcore,0,1,0,0,0,0,0,0,0,36,6,1,0.001,4,2,0,0,0,0,0,0,1,1,0
httpcore,0,1,0,0,0,1,0,0,0,38,9,12,0,22,2,0,0,0,0,0,1,2,2,0
httpcore,0,1,0,1,0,0,0,0,0,12,3,0,0.039,4,2,0,0,0,0,0,0,1,1,0
httpcore,0,0,0,0,0,1,0,0,0,9,1,9,0.001,36,11,0,0,0,0,0,1,2,2,0
httpcore,0,0,0,0,0,0,0,0,0,9,1,2,0.011,21,11,0,0,0,0,0,1,1,1,0
httpcore,0,0,0,0,0,1,0,0,0,5,1,5,0.013,9,5,0,0,0,0,0,1,2,2,0
httpcore,0,0,0,0,0,1,0,0,0,5,1,5,0,8,5,0,0,0,0,0,1,2,2,0
httpcore,0,1,0,0,0,1,0,0,0,12,3,9,0.001,21,5,0,0,0,0,0,1,2,2,0
httpcore,0,0,0,0,0,0,0,0,0,8,1,0,0.054,15,5,0,0,0,0,0,1,1,1,0
httpcore,0,0,0,0,0,1,0,0,0,12,1,4,0.007,13,4,0,0,0,0,0,1,2,2,0
httpcore,0,0,0,0,0,1,0,0,0,12,1,4,0.005,13,4,0,0,0,0,0,1,3,3,0
httpcore,0,0,0,0,0,1,0,0,0,9,1,9,0.035,20,11,0,0,0,0,0,1,1,1,0
httpcore,0,0,0,0,0,0,0,0,0,8,1,1,0.001,4,2,0,0,0,0,0,0,2,2,0
httpcore,0,0,0,0,0,0,0,0,0,8,1,0,0.001,3,2,0,0,0,0,0,0,1,1,0
httpcore,0,1,0,0,0,1,0,0,0,12,3,9,0.01,21,5,0,0,0,0,0,1,2,2,0
httpcore,0,0,0,0,0,1,0,0,0,8,1,6,0.006,19,5,0,0,0,0,0,1,3,3,0
httpcore,0,1,0,0,0,1,0,0,0,14,6,6,0,14,2,0,0,0,0,0,1,2,2,0
httpcore,0,1,0,0,0,1,0,0,0,6,4,4,0,8,2,0,0,0,0,0,1,2,2,0
httpcore,0,0,0,0,0,1,0,0,0,6,1,4,0.003,6,2,0,0,0,0,0,1,2,2,0
httpcore,0,1,0,0,0,1,0,0,0,9,3,7,0.026,9,2,0,0,0,0,0,1,2,2,0
httpcore,0,0,0,0,0,1,0,0,0,5,1,3,0,5,2,0,0,0,0,0,1,2,2,0
