logback,0,1,0,0,0,1,0,0,0,20,4,17,0.2,46,12,0,0,0,0,0,0,1,3,2
logback,0,1,0,0,0,1,0,0,0,16,3,13,0.022,31,11,0,0,0,0,0,0,1,3,0
logback,0,0,0,0,0,0,0,0,0,4,0,5,0.276,18,9,0,0,0,0,0,0,1,2,0
logback,0,0,0,0,0,1,0,0,0,5,0,6,0.096,15,8,0,0,0,0,0,0,1,2,0
logback,0,0,0,0,0,0,0,0,0,4,0,5,5.436,29,10,0,0,0,0,0,0,1,3,0
logback,0,0,0,0,0,1,0,0,0,5,0,6,0.122,15,8,0,0,0,0,0,0,1,2,0
logback,0,0,0,0,1,0,0,0,0,6,0,9,0.194,18,9,0,0,0,0,0,0,1,2,2
logback,0,0,0,0,0,0,0,0,0,7,0,6,0.375,15,8,0,0,0,0,0,0,1,2,0
logback,0,0,0,0,0,0,0,0,0,4,0,5,0.132,14,8,0,0,0,0,0,0,1,2,0
logback,0,0,0,0,1,0,0,0,0,4,0,8,0.747,17,10,0,0,0,0,0,0,1,2,0
logback,0,0,0,0,0,0,0,0,0,3,0,4,0.199,27,9,0,0,0,0,0,0,1,3,0
logback,0,0,0,1,0,1,0,0,0,5,1,10,0.1,42,9,0,0,0,0,0,0,1,3,1
logback,0,0,0,0,0,1,0,0,0,16,1,20,0.025,42,10,0,0,0,0,0,0,1,4,0
logback,0,0,0,0,0,1,0,0,0,8,1,15,0.044,38,11,0,0,0,0,0,0,1,4,1
logback,0,0,0,0,0,1,0,0,0,12,1,12,0.122,69,11,0,0,0,0,0,0,1,5,2
logback,0,0,0,0,0,1,0,0,0,8,1,15,0.021,37,10,0,0,0,0,0,0,1,3,1
logback,0,0,0,0,0,1,0,0,0,8,1,15,0.018,37,10,0,0,0,0,0,0,1,3,0
logback,0,0,0,0,0,1,0,0,0,12,1,7,0.009,22,7,0,0,0,0,0,0,1,3,0
logback,0,1,0,0,0,1,0,0,0,20,3,17,0.026,40,10,0,0,0,0,0,0,1,3,0
logback,0,0,0,0,0,1,0,0,0,10,1,17,0.043,40,10,0,0,0,0,0,0,1,3,1
logback,0,0,0,0,0,1,0,0,0,7,1,8,2.163,66,11,0,0,0,0,0,0,1,4,0
logback,0,0,0,0,0,1,0,0,0,6,0,13,0.148,35,10,0,0,0,0,0,0,1,3,0
logback,0,0,0,0,0,1,0,0,0,7,0,14,0.154,36,10,0,0,0,0,0,0,1,3,0
logback,0,0,0,0,0,1,0,0,0,7,1,8,0.018,65,11,0,0,0,0,0,0,1,4,0
logback,0,0,0,0,0,1,0,0,0,8,1,15,0.017,38,10,0,0,0,0,0,0,1,3,0
logback,0,0,0,0,0,1,0,0,0,7,1,17,0.085,51,16,0,0,0,0,0,0,1,3,0
logback,0,0,0,0,0,1,0,0,0,7,1,18,0.022,58,16,0,0,0,0,0,0,1,3,0
logback,0,0,0,0,0,1,0,0,0,12,1,13,0.019,37,10,0,0,0,0,0,0,1,3,0
logback,0,0,0,1,0,1,0,0,0,5,1,2,0.01,14,8,0,0,0,0,0,0,1,2,0
logback,0,0,0,1,0,1,0,0,0,5,1,2,0.026,26,9,0,0,0,0,0,0,1,3,0
logback,0,0,0,1,0,1,0,0,0,7,1,3,0.032,15,9,0,0,0,0,0,0,1,2,1
logback,0,1,0,0,0,1,0,0,0,8,4,6,0.071,33,4,0,0,0,0,0,0,0,3,0
logback,0,1,0,0,0,1,0,0,0,11,5,8,0.002,20,3,0,0,0,0,0,0,0,3,0
logback,0,0,0,0,0,0,0,0,0,17,1,4,0.047,7,2,0,0,0,0,0,0,0,2,0
logback,0,1,0,0,0,0,0,0,0,15,4,8,0.031,17,2,0,0,0,0,0,0,0,1,0
logback,0,0,0,0,0,0,0,0,0,10,0,14,0.086,65,19,0,0,0,0,0,0,0,4,0
logback,0,1,1,0,0,0,0,0,0,29,11,15,0.087,67,20,0,0,0,0,0,0,0,4,0
logback,0,0,0,0,0,0,0,0,0,18,1,14,0.194,108,24,0,0,0,0,0,0,0,5,0
logback,0,1,0,0,0,0,0,0,0,23,3,13,2.726,94,24,0,0,0,0,0,0,0,5,0
logback,0,1,0,0,0,0,0,0,0,22,3,15,0.081,66,20,0,0,0,0,0,0,0,4,0
logback,0,1,1,0,0,0,0,0,0,13,2,13,0.093,94,24,0,0,0,0,0,0,0,5,0
logback,0,1,1,0,0,0,0,0,0,26,11,13,0.574,98,24,0,0,0,0,0,0,0,5,0
logback,0,0,0,0,0,0,0,0,0,17,1,14,0.042,72,20,0,0,0,0,0,0,0,5,0
logback,0,1,0,0,0,0,0,0,0,22,3,14,0.042,65,19,0,0,0,0,0,0,0,4,0
logback,0,1,0,0,0,0,0,0,0,22,3,13,0.032,97,24,0,0,0,0,0,0,0,5,0
logback,0,0,1,0,0,0,0,0,1,7,0,4,0.001,13,5,0,0,0,0,0,0,0,2,0
logback,0,0,1,0,0,0,0,0,1,7,0,4,0.003,13,5,0,0,0,0,0,0,0,2,0
logback,0,0,1,0,0,0,0,0,1,8,0,4,0.003,13,5,0,0,0,0,0,0,0,2,0
logback,0,0,1,0,0,0,0,0,0,7,0,3,0.038,28,6,0,0,0,0,0,0,1,4,0
logback,0,0,0,0,0,0,0,0,0,7,1,3,0.009,4,2,0,0,0,0,0,0,0,3,2
logback,0,0,0,0,0,0,0,0,0,7,1,3,0.098,23,3,0,0,0,0,0,0,0,4,2
logback,0,0,0,0,0,0,0,0,0,7,1,3,0.001,23,3,0,0,0,0,0,0,0,4,2
logback,0,0,0,0,0,0,0,0,0,7,1,2,0.001,7,3,0,0,0,0,0,0,0,3,2
logback,0,1,0,1,0,0,0,0,0,13,2,7,0,9,2,0,0,0,0,0,0,0,3,4
logback,0,1,0,1,0,0,0,0,0,11,2,5,0.019,7,2,0,0,0,0,0,0,0,3,4
logback,0,1,0,1,0,0,0,0,0,10,2,3,0,28,4,0,0,0,0,0,0,0,4,4
logback,0,1,0,1,0,0,0,0,0,10,2,4,0.014,6,2,0,0,0,0,0,0,0,3,4
logback,0,1,0,1,0,0,0,0,0,13,2,7,0.001,9,2,0,0,0,0,0,0,0,3,4
logback,0,1,0,1,0,0,0,0,0,11,2,5,0.015,7,2,0,0,0,0,0,0,0,3,4
logback,0,1,0,1,0,0,0,0,0,10,2,3,0.069,28,4,0,0,0,0,0,0,0,4,4
logback,0,1,0,1,0,0,0,0,0,10,2,4,0.001,6,2,0,0,0,0,0,0,0,3,4
logback,0,0,0,0,0,0,0,0,0,11,1,10,0.003,37,5,0,0,0,0,0,0,0,5,2
logback,0,0,0,0,0,0,0,0,0,11,1,12,0.09,46,5,0,0,0,0,0,0,0,5,2
logback,0,0,0,0,0,0,0,0,0,11,1,7,0.018,35,5,0,0,0,0,0,0,0,5,2
logback,0,0,0,0,0,0,0,0,0,11,1,9,0,14,3,0,0,0,0,0,0,0,0,2
logback,0,0,0,0,0,0,0,0,0,11,1,11,0.001,25,3,0,0,0,0,0,0,0,4,2
logback,0,0,0,0,0,0,0,0,0,11,1,6,0.002,14,3,0,0,0,0,0,0,0,0,2
logback,0,1,0,0,0,1,0,0,0,13,2,16,1.475,131,30,0,0,0,0,0,0,1,6,0
logback,0,0,0,0,0,1,0,0,0,9,1,11,0.001,34,15,0,0,0,0,0,0,1,3,0
logback,0,0,0,0,0,1,0,0,0,8,1,7,0.409,107,16,0,0,0,0,0,0,1,6,0
logback,0,1,0,0,0,0,0,0,0,26,2,21,0.171,59,18,0,0,0,0,0,0,0,4,3
logback,0,1,0,0,0,1,0,0,0,22,2,20,0.033,43,14,0,0,0,0,0,0,0,5,0
logback,0,1,0,0,0,1,0,0,0,14,3,15,0.826,129,32,0,0,0,0,0,0,1,6,0
logback,0,1,0,0,0,0,0,0,0,40,5,18,1.414,129,16,0,0,0,0,0,0,1,6,3
logback,0,0,0,0,0,0,0,0,0,8,1,22,0.274,137,15,0,0,0,0,0,0,1,6,3
logback,0,1,0,0,0,0,0,0,0,17,3,18,0.145,51,13,0,0,0,0,0,0,0,4,3
logback,0,0,0,0,1,1,0,0,0,21,0,19,1.138,143,28,0,0,0,0,0,0,1,6,0
logback,0,0,0,0,0,0,0,0,1,5,1,10,1.418,68,32,0,0,0,0,0,0,1,5,1
logback,0,1,0,0,0,1,0,0,0,22,4,14,0.008,33,8,0,0,0,0,0,0,1,4,0
logback,0,1,0,0,0,1,0,0,0,21,3,13,0.027,34,8,0,0,0,0,1,0,1,3,0
logback,0,0,0,0,0,1,0,0,0,9,1,7,0.001,37,9,0,0,0,0,0,0,1,3,0
logback,0,1,0,0,0,1,0,0,0,14,2,10,0.001,31,9,0,0,0,0,0,0,1,3,0
logback,0,1,0,0,0,1,0,0,0,17,4,13,0.089,44,9,0,0,0,0,0,0,1,3,0
logback,0,1,0,0,0,1,0,0,0,21,3,26,0.052,152,36,0,0,0,0,0,0,1,6,0
logback,0,1,0,0,0,1,0,0,0,15,2,24,3.643,150,36,0,0,0,0,0,0,1,6,0
logback,0,1,0,0,0,1,0,0,0,18,2,26,0.088,78,36,0,0,0,0,0,0,1,3,0
logback,0,0,0,0,0,1,0,0,0,12,1,21,0.133,72,35,0,0,0,0,0,0,1,6,0
logback,0,0,0,0,0,1,0,0,0,13,1,12,0.041,38,21,0,0,0,0,0,0,1,3,0
logback,0,1,0,0,0,1,0,0,0,25,2,23,0.172,84,33,0,0,0,0,0,0,1,4,1
logback,0,0,0,0,0,1,0,0,0,17,1,17,0.06,70,11,0,0,0,0,0,0,1,4,2
logback,0,1,0,0,0,1,0,0,0,19,4,23,3.321,95,27,0,0,0,0,0,0,1,4,2
logback,0,0,0,0,0,1,0,0,0,5,1,10,0.033,39,23,0,0,0,0,0,0,1,4,0
logback,0,1,0,0,0,1,0,0,0,14,2,17,0.023,50,24,0,0,0,0,0,0,1,3,0
logback,0,0,0,0,1,1,1,1,0,22,0,24,0.098,63,27,0,0,0,0,0,0,6,5,0
logback,0,0,0,0,0,1,0,0,0,5,1,11,0.011,40,22,0,0,0,0,0,0,1,3,0
logback,0,1,0,0,0,1,0,0,0,16,2,21,0.059,132,33,0,0,0,0,0,0,2,6,0
logback,0,1,0,0,0,1,0,0,0,17,5,23,0.086,162,39,0,0,0,0,0,0,1,6,1
logback,0,0,0,0,0,1,0,0,0,7,0,17,0.015,51,26,0,0,0,0,0,0,1,6,0
logback,0,1,0,0,0,1,0,0,0,8,2,14,0.007,44,23,0,0,0,0,0,0,1,4,0
logback,0,0,0,0,0,1,0,0,0,13,0,16,0.065,59,26,0,0,0,0,0,0,1,3,0
logback,0,0,0,0,0,1,0,0,0,14,0,17,0.022,63,26,0,0,0,0,0,0,1,3,0
logback,0,1,0,0,0,1,0,0,0,13,2,16,0.017,48,24,0,0,0,0,0,0,1,4,0
logback,0,1,0,0,0,1,0,0,0,15,8,18,0.861,58,23,0,0,0,0,0,0,1,5,0
logback,0,1,0,0,0,1,0,0,0,14,2,16,0.025,45,23,0,0,0,0,0,0,1,4,0
logback,0,1,0,0,0,1,0,0,0,13,3,17,0.038,47,24,0,0,0,0,0,0,1,4,0
logback,0,0,0,0,0,0,0,0,0,3,0,11,0.026,50,23,0,0,0,0,0,0,1,3,0
logback,0,0,0,0,0,1,0,0,0,8,0,13,0.02,42,22,0,0,0,0,0,0,6,3,0
logback,0,1,0,0,0,1,0,0,0,18,4,19,2.177,82,27,0,0,0,0,0,0,1,3,1
logback,0,1,0,0,0,1,0,0,0,18,4,15,0.037,51,25,0,0,0,0,0,0,1,3,0
logback,0,1,0,0,0,1,0,0,0,18,3,23,0.064,67,29,0,0,0,0,0,0,1,3,3
logback,0,1,0,0,0,1,0,0,0,23,4,22,0.031,66,28,0,0,0,0,0,0,1,3,3
logback,0,1,0,0,1,1,0,0,0,14,2,15,0.702,126,35,0,0,0,0,0,0,1,6,0
logback,0,1,0,0,0,1,0,0,0,13,2,15,0.006,43,22,0,0,0,0,0,0,1,3,0
logback,0,1,0,0,0,1,0,0,0,22,2,17,0.02,46,22,0,0,0,0,0,0,6,3,0
logback,0,0,0,0,1,1,0,0,0,9,1,13,0.012,68,36,0,0,0,0,0,0,1,3,0
logback,0,0,0,0,0,1,0,0,0,10,1,9,0.033,24,9,0,0,0,0,0,0,1,3,0
logback,0,0,0,0,0,0,0,0,0,3,0,4,0.001,18,8,0,0,0,0,0,0,1,2,0
logback,0,0,0,0,0,0,0,0,0,4,0,5,0.085,35,9,0,0,0,0,0,0,1,3,0
logback,0,0,0,0,1,1,0,0,0,10,0,6,3.738,58,24,0,0,0,0,0,0,1,4,0
logback,0,0,0,1,1,0,0,0,0,18,0,5,0.031,32,8,0,0,0,0,0,0,1,3,0
logback,0,0,0,0,1,1,0,0,0,4,1,3,0,17,7,0,0,0,0,0,0,1,3,0
logback,0,1,0,1,0,1,0,0,0,8,3,6,0.001,15,5,0,0,0,0,0,0,0,2,0
logback,0,1,0,1,0,1,0,0,0,18,7,13,0,25,7,0,0,0,0,0,0,1,3,0
logback,0,1,0,1,0,1,0,0,0,9,4,7,0,17,5,0,0,0,0,0,0,0,2,0
logback,0,0,0,1,1,1,0,0,0,8,1,4,0.001,23,9,0,0,0,0,0,0,1,3,0
logback,0,0,0,1,0,1,0,0,0,16,1,8,0,31,9,0,0,0,0,0,0,1,3,0
logback,0,1,0,0,0,1,0,0,0,19,3,10,0.008,34,9,0,0,0,0,0,0,1,3,0
logback,0,1,0,0,0,1,0,0,0,7,4,5,0.001,19,7,0,0,0,0,0,0,1,3,0
logback,0,1,0,1,0,1,0,0,0,18,6,12,0.022,33,9,0,0,0,0,0,0,1,3,0
logback,0,0,0,0,0,1,0,0,0,12,0,10,0,29,8,0,0,0,0,0,0,1,3,0
logback,0,0,0,0,0,0,0,0,0,7,1,0,0,24,6,0,0,0,0,0,0,0,3,0
logback,0,1,0,0,0,1,0,0,0,5,2,3,0.123,26,6,0,0,0,0,0,0,0,3,0
logback,0,0,0,0,0,1,0,0,0,17,1,6,0.057,21,7,0,0,0,0,0,0,1,3,0
logback,0,1,0,1,1,1,0,0,0,8,2,7,0.003,25,9,0,0,0,0,0,0,1,3,0
logback,0,0,0,0,0,0,0,0,0,6,0,13,0.097,139,32,0,0,0,0,0,0,1,6,0
logback,0,1,0,0,0,0,0,0,0,44,2,9,0.096,137,28,0,0,0,0,0,0,1,6,0
logback,0,0,0,0,0,1,1,0,0,7,1,7,0.044,21,11,0,0,0,0,0,0,1,3,0
logback,0,0,0,0,0,1,1,0,0,7,1,12,0.423,140,28,0,0,0,0,0,0,1,6,0
logback,0,0,0,1,0,1,0,0,0,7,1,6,0.005,20,7,0,0,0,0,0,0,1,3,0
logback,0,0,0,1,0,1,0,0,0,7,1,6,0.005,31,8,0,0,0,0,0,0,1,3,0
logback,0,0,0,1,0,0,0,0,0,4,1,3,0.001,17,7,0,0,0,0,0,0,1,3,0
logback,0,0,0,1,0,0,0,0,0,5,1,4,0.005,18,7,0,0,0,0,0,0,1,3,0
logback,0,1,0,1,0,1,0,0,0,7,2,6,0.001,20,7,0,0,0,0,0,0,1,3,0
logback,0,0,0,0,0,0,0,0,0,7,1,1,0.003,15,6,0,0,0,0,0,0,1,3,0
logback,0,1,0,1,0,1,0,0,0,9,2,8,0,33,8,0,0,0,0,0,0,1,3,0
logback,0,0,0,1,0,1,0,0,0,9,1,7,0.053,32,8,0,0,0,0,0,0,1,4,0
logback,0,1,0,1,0,1,0,0,0,11,2,10,0,21,7,0,0,0,0,0,0,1,3,0
logback,0,0,0,0,0,0,0,0,0,4,0,3,0.003,13,6,0,0,0,0,0,0,1,2,0
logback,0,0,0,0,0,0,0,0,0,4,0,3,0,13,6,0,0,0,0,0,0,1,2,0
logback,0,0,0,0,0,0,0,0,0,4,0,3,0.002,13,6,0,0,0,0,0,0,1,2,0
logback,0,0,0,0,0,0,0,0,0,4,0,3,0.001,13,6,0,0,0,0,0,0,1,3,0
logback,0,0,0,0,0,0,0,0,0,4,0,3,0,13,6,0,0,0,0,0,0,1,2,0
logback,0,1,0,1,0,1,0,0,0,12,2,9,0.01,20,7,0,0,0,0,0,0,1,3,0
logback,0,1,0,1,0,0,0,0,0,9,3,18,0.649,126,27,0,0,0,0,0,0,1,6,1
logback,0,1,0,0,1,0,0,0,0,19,6,12,0.023,21,3,0,0,0,0,0,0,0,3,0
logback,0,0,0,0,0,0,0,0,0,3,0,1,0.05,8,3,0,0,0,0,0,0,0,3,1
logback,0,0,0,0,0,1,0,0,0,6,1,4,0.152,28,7,0,0,0,0,0,0,0,4,0
logback,0,0,0,0,0,1,0,0,0,6,1,4,0,15,6,0,0,0,0,0,0,0,3,0
logback,0,0,0,0,0,1,0,0,0,11,1,9,0.354,91,13,0,0,0,0,0,0,1,6,0
logback,0,0,0,0,0,1,0,0,0,6,1,4,0.004,14,6,0,0,0,0,0,0,0,3,0
logback,0,0,0,0,0,1,0,0,0,6,1,4,0.001,14,6,0,0,0,0,0,0,0,3,0
logback,0,0,0,0,0,1,0,0,0,7,1,9,0.978,119,25,0,0,0,0,0,0,1,6,0
logback,0,0,0,0,0,1,0,0,0,4,1,5,0.005,42,21,0,0,0,0,0,0,0,3,0
logback,0,0,0,0,0,1,0,0,0,5,1,6,0.02,39,21,0,0,0,0,0,0,0,3,0
logback,0,0,0,0,0,1,0,0,0,5,1,6,0.013,113,22,0,0,0,0,0,0,1,6,0
logback,0,1,0,0,0,0,0,0,0,19,5,3,0.029,45,21,0,0,0,0,0,0,0,3,0
logback,0,0,0,0,0,1,0,0,0,5,1,6,0.027,39,21,0,0,0,0,0,0,0,3,0
logback,0,1,0,1,0,1,0,0,0,15,4,12,0.324,50,17,0,0,0,0,0,0,0,3,0
logback,0,1,0,1,1,1,0,0,0,15,3,8,0.001,53,17,0,0,0,0,0,0,0,4,0
logback,0,0,0,0,0,1,0,0,0,6,1,4,0.001,18,9,0,0,0,0,0,0,0,2,0
logback,0,1,0,0,0,1,0,0,0,13,3,3,0.004,16,10,0,0,0,0,0,0,0,2,0
logback,0,1,0,0,0,1,0,0,0,13,3,4,0.007,28,10,0,0,0,0,0,0,0,2,0
logback,0,1,0,1,1,1,0,0,0,16,4,9,0.268,51,17,0,0,0,0,0,0,0,3,0
logback,0,1,0,1,0,1,0,0,0,16,3,5,0.005,48,17,0,0,0,0,0,0,0,3,0
logback,0,1,0,0,0,1,0,0,0,19,6,13,0.003,27,8,0,0,0,0,0,0,0,3,0
logback,0,1,0,0,0,1,0,0,0,21,7,14,0.005,28,8,0,0,0,0,0,0,0,3,0
logback,0,1,0,0,0,1,0,0,0,21,7,15,0.016,30,9,0,0,0,0,0,0,0,3,0
logback,0,1,0,0,0,1,0,0,0,21,7,15,0.008,30,9,0,0,0,0,0,0,0,3,0
logback,0,0,0,0,0,1,0,0,0,7,1,5,0.002,18,9,0,0,0,0,0,0,0,2,0
logback,0,1,0,0,0,1,0,0,0,14,3,3,0.007,24,10,0,0,0,0,0,0,0,2,0
logback,0,1,0,0,0,1,0,0,0,14,3,4,0,28,10,0,0,0,0,0,0,0,2,0
logback,0,0,0,1,0,1,0,0,0,6,1,6,0.013,38,23,0,0,0,0,0,0,6,6,0
logback,0,1,0,1,0,1,0,0,0,10,3,18,1.226,166,35,0,0,0,0,0,0,6,6,0
logback,0,1,0,0,0,1,0,0,0,27,4,10,0.677,58,20,0,0,0,0,0,0,6,6,0
logback,0,1,0,0,0,1,0,0,0,9,4,6,0,11,5,0,0,0,0,0,0,6,6,0
logback,0,0,0,0,0,1,0,0,0,5,1,3,0.051,8,5,0,0,0,0,0,0,6,6,0
logback,0,1,0,0,0,1,0,0,0,13,5,10,0.044,15,5,0,0,0,0,0,0,6,6,0
logback,0,0,0,0,0,1,0,0,0,4,1,2,0,12,4,0,0,0,0,0,0,6,6,0
logback,0,1,0,0,0,1,0,0,0,6,3,4,1.076,11,6,0,0,0,0,0,0,6,6,0
logback,0,1,0,0,0,1,0,0,0,15,2,19,0.131,155,34,0,0,0,0,0,0,2,7,1
logback,0,1,0,0,1,1,0,0,0,32,3,28,0.115,69,27,0,0,0,0,0,0,5,5,3
logback,0,0,0,0,0,1,0,0,0,15,1,19,1.767,155,34,0,0,0,0,0,0,2,7,1
logback,0,0,0,0,0,0,0,0,0,26,0,26,0.948,88,31,0,0,0,0,0,0,1,3,0
logback,1,1,0,0,0,1,0,0,0,19,3,22,0.146,90,33,0,0,0,0,0,0,2,4,3
logback,1,1,0,0,0,1,0,0,0,15,2,17,0.112,81,33,0,0,0,0,0,0,1,4,1
logback,1,0,0,0,0,1,0,0,0,13,1,21,0.152,140,38,0,0,0,0,0,0,1,6,5
logback,1,0,0,0,0,1,0,0,0,13,1,20,0.893,67,37,0,0,0,0,0,0,1,3,5
logback,0,1,0,0,1,1,0,0,0,16,2,19,0.122,86,33,0,0,0,0,0,0,5,5,1
logback,0,1,0,0,1,1,0,0,1,28,5,43,0.159,108,40,0,0,0,0,0,0,2,4,7
logback,0,1,0,0,1,0,0,0,1,27,3,31,1.019,193,46,0,0,0,0,0,0,2,6,0
logback,0,1,0,0,1,1,0,0,1,33,3,46,1.334,117,40,0,0,0,0,0,0,2,5,5
logback,0,1,0,0,1,0,0,0,1,25,5,20,1.748,171,43,0,0,0,0,0,0,1,7,0
logback,0,1,0,0,1,1,0,0,1,14,2,28,0.153,91,38,0,0,0,0,0,0,2,4,1
logback,0,1,0,1,1,1,0,0,0,23,5,25,0.022,51,17,0,0,0,0,0,0,6,7,0
logback,0,1,0,1,1,1,0,0,0,19,2,21,1.144,57,18,0,0,0,0,0,0,6,7,0
logback,0,0,0,1,0,1,0,0,0,8,1,12,0.014,33,12,0,0,0,0,0,0,1,3,0
logback,0,0,0,1,0,1,0,0,0,9,1,11,0.037,33,12,0,0,0,0,0,0,1,3,0
logback,0,1,0,0,0,1,0,0,0,8,2,10,0.009,31,12,0,0,0,0,0,0,1,3,0
logback,0,1,0,0,0,1,0,0,0,7,2,10,0.008,38,12,0,0,0,0,0,1,1,3,0
logback,0,1,0,1,0,1,0,0,0,10,2,14,0.01,35,12,0,0,0,0,0,0,1,3,0
logback,0,1,0,1,0,1,0,0,0,9,2,11,0.174,43,13,0,0,0,0,0,0,1,3,0
logback,0,0,0,0,0,1,0,0,0,7,1,7,1.834,142,30,0,0,0,0,0,0,6,6,0
logback,1,1,0,0,0,0,0,0,0,25,3,4,0.446,111,21,0,0,0,0,0,0,1,6,0
logback,0,1,0,0,1,1,0,0,0,37,4,25,0.46,53,20,0,0,0,0,0,0,4,5,0
logback,0,0,0,0,0,1,0,0,0,13,0,24,1.062,99,49,0,0,0,0,0,0,1,3,3
logback,0,1,0,0,0,0,0,0,0,24,3,4,0.116,32,20,0,0,0,0,0,0,1,3,0
logback,0,1,0,0,0,0,0,0,0,41,6,4,0.236,47,26,0,0,0,0,0,0,1,3,0
logback,0,0,0,0,0,1,0,0,0,13,1,14,0.006,38,15,0,0,0,0,0,0,1,3,0
logback,0,0,0,0,0,1,0,0,0,14,1,17,0.009,47,15,0,0,0,0,0,0,1,3,0
logback,0,1,1,0,0,0,0,0,0,81,5,8,0.031,84,17,0,0,0,0,0,0,1,5,0
logback,0,0,0,0,0,1,0,0,0,6,1,14,0.124,53,18,0,0,0,0,0,0,1,5,0
logback,0,0,0,0,0,0,0,0,0,15,0,10,0.006,46,16,0,0,0,0,0,0,1,4,0
logback,0,0,0,0,0,1,0,0,0,6,1,14,0.012,43,16,0,0,0,0,0,0,1,4,0
logback,0,1,0,0,0,0,0,0,0,15,2,8,0.008,55,16,0,0,0,0,0,0,1,5,0
logback,0,0,0,0,0,0,0,0,0,9,1,11,0.008,50,16,0,0,0,0,0,0,1,3,0
logback,0,0,0,0,0,1,0,0,0,6,1,12,0.003,50,16,0,0,0,0,0,0,1,5,0
logback,0,1,0,0,0,0,0,0,0,29,3,14,0.007,83,18,0,0,0,0,0,0,1,5,0
logback,0,0,0,0,0,1,0,0,0,14,1,17,0.022,50,17,0,0,0,0,0,0,1,3,2
logback,0,0,0,0,0,1,0,0,0,6,1,11,0.006,37,15,0,0,0,0,0,0,1,3,0
logback,0,0,0,0,0,1,0,0,0,6,1,13,0.002,42,16,0,0,0,0,0,0,1,3,0
logback,1,0,0,0,0,1,0,0,0,10,1,14,0.008,42,15,0,0,0,0,0,0,1,3,0
logback,0,0,0,0,0,1,0,0,0,16,1,16,0.088,49,16,0,0,0,0,0,0,1,3,0
logback,0,0,0,0,0,1,0,0,0,8,1,14,0.016,41,15,0,0,0,0,0,0,1,4,0
logback,0,0,1,0,0,1,0,0,0,30,1,24,0.016,64,17,0,0,0,0,0,0,1,6,0
logback,0,0,0,0,0,1,0,0,0,17,1,13,0.35,120,20,0,0,0,0,0,0,1,6,0
logback,0,0,0,0,0,0,0,0,0,4,0,4,0.013,62,17,0,0,0,0,0,0,0,5,0
logback,0,0,0,0,0,1,0,0,0,4,0,6,0.128,61,17,0,0,0,0,0,0,0,5,0
logback,0,0,0,0,0,1,0,0,0,6,1,4,0.162,27,9,0,0,0,0,0,0,0,3,0
logback,0,0,0,0,0,1,0,0,0,4,1,4,0.001,27,9,0,0,0,0,0,0,0,3,0
logback,0,0,0,0,0,1,0,0,0,8,1,2,0.004,13,8,0,0,0,0,0,0,0,2,0
logback,0,0,0,0,0,1,0,0,0,10,1,3,0.009,14,8,0,0,0,0,0,0,0,2,0
logback,0,0,0,0,0,1,0,0,0,8,1,2,0.011,23,9,0,0,0,0,0,0,1,4,0
logback,0,0,0,0,0,1,0,0,0,9,1,3,0.218,34,11,0,0,0,0,0,0,1,4,0
logback,0,0,0,0,0,1,0,0,0,21,1,18,0.344,137,22,0,0,0,0,0,0,1,6,2
logback,0,1,0,0,0,1,0,0,0,18,3,16,0.031,60,19,0,0,0,0,0,0,0,3,6
logback,0,0,0,0,0,1,0,0,0,14,1,14,0.196,64,18,0,0,0,0,0,0,0,5,2
logback,0,1,0,0,0,0,0,0,0,23,4,0,0.013,21,2,0,0,0,0,0,0,0,2,0
logback,0,0,0,0,0,0,0,0,0,5,1,3,0.001,7,2,0,0,0,0,0,0,0,2,0
logback,0,1,0,0,0,0,0,0,0,19,3,0,0.005,18,2,0,0,0,0,0,0,0,2,0
logback,0,1,0,0,0,0,0,0,0,12,2,1,0,8,2,0,0,0,0,0,0,0,2,0
logback,0,1,0,0,0,0,0,0,0,24,4,0,0.004,20,2,0,0,0,0,0,0,0,2,0
logback,0,1,0,0,0,0,0,0,0,31,5,0,0.026,24,2,0,0,0,0,0,0,0,2,0
logback,0,0,0,0,0,0,0,0,0,4,0,9,0.05,65,17,0,0,0,0,0,0,0,5,0
logback,0,0,0,0,0,0,0,0,0,4,0,9,0.168,59,16,0,0,0,0,0,0,0,5,0
logback,0,0,0,0,0,1,0,0,0,7,1,6,0.002,36,20,0,0,0,0,0,0,1,3,0
logback,0,0,0,0,0,1,0,0,0,7,1,6,0.006,36,20,0,0,0,0,0,0,1,3,0
logback,0,0,0,0,0,1,0,0,0,8,1,6,0.023,38,20,0,0,0,0,0,0,1,3,0
logback,0,0,0,0,0,1,0,0,0,12,1,6,0.027,51,23,0,0,0,1,1,1,2,3,1
logback,0,1,0,0,0,1,0,0,0,11,3,15,0.051,69,37,0,0,0,0,0,0,1,3,0
logback,0,0,0,0,0,1,0,0,0,7,1,6,0.084,38,19,0,0,0,0,0,0,1,3,0
logback,0,0,0,0,0,1,0,0,0,9,1,6,0.03,51,25,0,0,0,0,0,0,1,4,0
logback,0,1,0,0,0,1,0,0,0,10,3,14,1.168,140,38,0,0,0,0,0,0,1,6,0
logback,0,0,0,0,0,1,0,0,0,6,1,9,0.018,52,21,0,0,0,0,0,0,1,3,0
logback,0,0,0,0,0,1,0,0,0,6,1,6,0.001,37,20,0,0,0,0,0,0,1,3,0
logback,0,0,0,0,0,1,0,0,0,12,1,6,0.014,133,28,0,0,0,0,0,0,1,6,0
logback,0,0,0,0,0,1,0,0,0,11,1,7,0.01,55,28,0,0,0,0,0,0,1,3,0
logback,0,0,0,0,0,1,0,0,0,8,1,6,0.001,39,20,0,0,0,0,0,0,1,3,0
logback,0,0,0,0,0,1,0,0,0,31,0,9,1.686,134,35,0,0,0,0,0,0,1,6,0
logback,0,0,0,0,0,0,0,0,0,45,1,12,0.161,63,34,0,0,0,0,0,0,1,3,0
logback,1,0,0,0,0,1,0,0,0,12,0,17,1.617,146,41,0,0,0,0,0,0,1,6,0
logback,0,0,0,0,0,1,0,0,0,3,0,7,0.001,38,15,0,0,0,0,0,0,1,3,0
logback,0,0,0,0,0,1,0,0,0,3,0,6,0.69,44,16,0,0,0,0,0,0,1,3,0
logback,0,0,0,0,0,1,0,0,0,3,0,7,0.143,46,15,0,0,0,0,0,0,1,3,0
logback,0,0,0,0,0,1,0,0,0,5,1,25,0.032,90,36,0,0,0,0,0,0,1,3,3
logback,0,1,0,0,0,0,0,0,0,12,3,13,1.053,147,37,0,0,0,0,0,0,1,6,1
logback,0,0,0,0,0,1,0,0,0,9,1,29,0.024,81,31,0,0,0,0,0,0,1,3,0
logback,0,1,0,1,0,1,0,0,0,12,2,32,0.027,83,31,0,0,0,0,0,0,1,3,1
logback,0,0,0,0,0,0,0,0,0,5,1,14,0.944,142,32,0,0,0,0,0,0,1,6,0
logback,1,1,0,0,0,0,0,0,1,6,2,1,0.091,30,11,0,0,0,0,0,0,1,3,0
logback,0,0,0,0,0,0,0,0,0,7,1,5,0.012,23,9,0,0,0,0,0,0,1,3,1
logback,0,1,0,0,0,1,0,0,1,16,3,25,0.053,74,36,0,0,0,0,0,0,4,7,2
logback,0,1,0,0,0,0,0,0,1,12,3,16,0.044,133,38,0,0,0,0,0,0,1,6,3
logback,0,1,0,0,0,0,0,0,1,16,3,16,1.458,132,37,0,0,0,0,0,0,1,6,3
logback,0,1,0,0,0,1,0,0,1,19,3,21,0.064,66,29,0,0,0,0,0,0,5,5,2
logback,0,0,0,0,0,1,0,0,1,13,1,20,0.062,62,29,0,0,0,0,0,0,4,5,1
logback,0,1,0,0,0,1,0,0,1,16,3,25,0.047,76,36,0,0,0,0,0,0,4,5,2
logback,0,1,0,0,0,1,0,0,1,21,4,28,0.06,69,31,0,0,0,0,0,0,5,5,2
logback,0,1,0,0,0,1,0,0,1,10,3,14,0.027,53,29,0,0,0,0,0,0,1,4,1
logback,0,1,0,0,0,1,0,0,1,23,6,30,0.034,70,29,0,0,0,0,0,0,5,5,3
logback,0,1,0,0,0,1,0,0,1,18,2,24,0.042,63,29,0,0,0,0,0,0,5,5,1
logback,0,0,0,0,0,1,0,0,1,6,1,11,0.055,44,27,0,0,0,0,0,0,1,3,1
logback,0,0,0,0,0,0,0,0,1,16,1,17,0.044,61,30,0,0,0,0,0,0,1,5,3
logback,0,1,0,0,0,0,0,0,0,9,3,6,0,8,2,0,0,0,0,0,0,0,2,0
logback,0,1,0,0,0,0,0,0,0,10,2,3,0.068,5,2,0,0,0,0,0,0,0,1,0
logback,0,0,0,0,0,0,0,0,0,5,0,5,0.005,22,7,0,0,0,0,0,0,1,3,0
logback,0,1,0,0,0,1,0,0,0,5,2,3,0.128,29,8,0,0,0,0,0,0,0,3,0
logback,0,1,0,0,0,1,0,0,0,5,2,6,0,17,6,0,0,0,0,1,0,0,2,0
logback,0,1,0,0,0,1,0,0,0,5,2,3,0.001,16,6,0,0,0,0,0,0,0,2,0
logback,0,1,0,0,0,1,0,0,0,6,2,4,0.009,17,6,0,0,0,0,0,0,0,2,0
logback,0,1,0,0,0,0,0,0,0,9,6,9,0.026,35,8,0,0,0,0,0,0,1,3,0
logback,0,0,0,0,0,1,0,0,0,8,0,8,0.032,59,15,0,0,0,0,0,0,0,5,0
logback,0,1,0,0,0,1,0,0,0,16,6,8,0.013,26,11,0,0,0,0,0,0,0,3,0
logback,0,0,0,0,0,1,0,0,0,10,0,9,0.173,56,17,0,0,0,0,0,0,0,3,0
logback,0,0,0,0,0,1,0,0,0,8,1,7,0.02,39,12,0,0,0,0,0,0,0,3,0
logback,0,1,0,0,0,1,0,0,0,13,4,8,0.022,34,12,0,0,0,0,0,0,0,3,0
logback,0,1,0,0,0,1,0,0,0,20,3,8,0.619,42,13,0,0,0,0,0,0,0,3,0
logback,0,0,0,0,0,1,0,0,0,5,0,7,0.015,30,11,0,0,0,0,0,0,0,3,0
logback,0,0,0,0,0,0,0,0,0,24,1,3,0.003,25,11,0,0,0,0,0,0,0,3,0
logback,0,0,0,0,0,1,0,0,0,7,0,9,0.083,29,9,0,0,0,0,0,0,0,3,0
logback,0,0,0,0,1,1,0,0,0,16,0,12,0.004,28,8,0,0,0,0,0,0,0,3,0
logback,1,0,1,0,0,1,0,0,0,22,1,13,2.91,25,7,0,0,0,0,0,0,0,3,0
logback,0,0,0,0,0,1,0,0,0,8,0,9,0.029,35,8,0,0,0,0,0,0,0,3,0
logback,0,0,0,0,0,0,0,0,0,9,0,0,0.102,8,4,0,0,0,0,0,0,0,1,0
logback,0,0,0,0,0,0,0,0,0,9,0,2,0.057,4,4,0,0,0,0,0,0,0,1,0
logback,0,0,0,0,0,0,0,0,0,17,0,9,0,20,5,0,0,0,0,0,0,0,4,0
logback,0,0,0,0,0,0,0,0,0,4,0,0,0.135,8,4,0,0,0,0,0,0,0,1,0
logback,0,0,0,0,0,0,0,0,0,15,0,2,0.091,4,4,0,0,0,0,0,0,0,1,0
logback,0,0,0,0,0,0,0,0,0,15,0,0,0.071,10,4,0,0,0,0,0,0,0,4,0
logback,0,1,0,1,0,0,0,0,0,20,3,10,0.004,17,4,0,0,0,0,0,0,0,2,0
logback,0,1,0,1,0,0,0,0,0,12,3,8,0.061,11,4,0,0,0,0,0,0,0,3,0
logback,0,1,0,1,0,0,0,0,0,12,2,7,0.001,11,4,0,0,0,0,0,0,0,2,0
logback,0,1,0,1,0,0,0,0,0,13,4,8,0.003,13,4,0,0,0,0,0,0,0,3,0
logback,0,1,0,0,0,0,0,0,0,17,8,9,0.039,11,2,0,0,0,0,0,0,0,2,0
logback,0,1,0,1,0,0,0,0,1,11,3,2,0.082,10,5,0,0,0,0,0,0,1,1,0
logback,0,1,0,1,0,1,0,0,1,17,4,13,0.001,19,4,0,0,0,0,0,0,1,5,2
logback,0,1,0,1,0,0,0,0,0,8,3,0,0.022,6,5,0,0,0,0,0,0,1,2,0
logback,1,0,0,0,0,0,1,0,0,16,0,10,0.075,52,26,0,0,0,0,0,0,1,5,1
logback,1,0,0,0,0,0,1,0,0,17,0,11,0.073,54,26,0,0,0,0,0,0,1,5,1
logback,1,0,0,0,0,0,0,0,0,16,1,6,7.322,25,11,0,0,0,0,0,0,1,3,0
logback,0,1,0,0,1,1,0,0,0,11,2,10,0.022,41,25,0,0,0,0,0,0,1,3,1
logback,0,0,0,0,0,0,0,0,0,8,0,10,0.924,49,25,0,0,0,0,0,0,1,4,1
logback,1,0,0,0,0,1,0,0,0,13,0,11,0.592,63,31,0,0,0,0,0,0,1,4,1
logback,0,0,0,0,0,0,0,0,0,8,0,8,0.067,40,25,0,0,0,0,0,0,1,3,1
logback,0,0,0,0,0,0,0,0,0,9,0,8,0.053,40,25,0,0,0,0,0,0,1,3,1
logback,0,0,0,0,1,1,0,0,0,5,1,5,0,19,8,0,0,0,0,1,0,1,2,0
logback,0,0,0,0,1,1,0,0,0,5,1,5,0.001,18,8,0,0,0,0,1,0,1,2,0
logback,0,0,0,0,1,1,0,0,0,5,1,5,0.001,18,8,0,0,0,0,1,0,1,3,0
logback,0,0,0,0,1,1,0,0,0,5,1,5,0.073,33,10,0,0,0,0,1,0,1,4,0
logback,0,0,0,0,1,1,0,0,0,5,1,4,0.001,23,9,0,0,0,0,1,0,1,3,0
logback,0,0,0,0,1,1,0,0,0,5,1,4,0.015,23,9,0,0,0,0,1,0,1,3,0
logback,0,0,0,0,1,1,0,0,0,5,1,5,0.005,18,8,0,0,0,0,1,0,1,2,0
logback,0,0,0,0,1,1,0,0,0,5,1,5,0.013,18,8,0,0,0,0,1,0,1,2,0
logback,0,0,0,0,1,1,0,0,0,5,1,5,0.001,18,8,0,0,0,0,1,0,1,2,0
logback,0,0,0,0,1,1,0,0,0,5,1,5,0,18,8,0,0,0,0,1,0,1,2,0
logback,0,0,0,0,1,1,0,0,0,5,1,5,0,18,8,0,0,0,0,1,0,1,3,0
logback,0,0,0,0,1,1,0,0,0,5,1,5,0.001,33,10,0,0,0,0,1,0,1,4,0
logback,0,1,0,0,1,1,0,0,0,6,2,4,0.004,32,10,0,0,0,0,1,0,1,4,0
logback,0,0,0,0,0,1,0,0,0,6,0,6,1.46,131,32,0,0,0,0,0,0,1,6,0
logback,0,1,0,0,0,1,0,0,0,8,2,9,0.136,61,32,0,0,0,0,0,0,1,5,0
logback,0,1,0,0,0,1,0,0,0,11,3,10,0.021,134,32,0,0,0,0,0,0,1,6,0
logback,0,1,0,0,0,1,0,0,0,18,5,3,0.061,22,4,0,0,0,0,0,0,0,3,0
logback,0,1,0,1,1,0,0,0,0,20,3,15,0.004,20,4,0,0,0,0,0,0,0,3,0
logback,0,1,0,1,1,0,0,0,0,34,5,9,0.018,11,3,0,0,0,0,0,0,0,2,0
logback,0,1,0,0,1,0,0,0,0,16,3,5,0.023,8,3,0,0,0,0,0,0,0,2,0
logback,0,0,0,0,1,0,0,0,0,31,1,10,0.068,23,4,0,0,0,0,0,0,0,3,0
logback,0,0,0,0,0,0,0,0,0,3,0,1,0.003,4,2,0,0,0,0,0,0,0,0,0
logback,0,0,0,0,0,0,0,0,0,3,0,1,0,4,2,0,0,0,0,0,0,0,1,0
logback,0,0,0,1,1,0,0,0,0,8,1,5,0,8,2,0,0,0,0,0,0,0,0,0
logback,0,0,0,1,0,0,0,0,0,7,1,4,0,7,2,0,0,0,0,0,0,0,0,0
logback,0,0,0,0,0,0,0,0,0,9,1,6,0,15,2,0,0,0,0,0,0,1,3,0
logback,0,0,0,0,0,0,0,0,0,6,1,4,0,8,2,0,0,0,0,0,0,1,3,0
logback,0,0,0,0,0,0,0,0,0,8,1,6,0.005,11,2,0,0,0,0,0,0,1,3,0
logback,0,0,0,0,0,0,0,0,0,8,1,6,0.001,11,2,0,0,0,0,0,0,1,3,0
logback,0,0,0,0,0,0,0,0,0,10,1,7,0.019,12,2,0,0,0,0,0,0,1,3,0
logback,0,0,0,0,0,1,0,0,0,8,1,9,0.062,47,19,0,0,0,0,1,3,3,5,0
logback,0,1,0,0,0,1,0,0,0,9,2,8,0.001,34,15,0,0,0,0,1,0,1,3,0
logback,0,0,0,0,0,0,0,0,0,5,1,3,0.005,29,13,0,0,0,0,1,0,1,4,0
logback,0,0,0,0,0,0,0,0,0,10,0,7,0.135,46,17,0,0,0,0,0,0,1,4,0
logback,0,1,0,1,0,1,1,1,1,17,2,21,0.004,43,19,0,0,0,0,0,0,1,4,0
logback,0,1,0,0,0,0,0,0,0,9,2,9,0.012,43,19,0,0,0,0,0,0,1,5,0
logback,0,1,0,1,0,1,1,1,1,21,4,26,0.112,51,22,0,0,0,0,1,0,3,4,0
logback,0,0,0,0,0,0,0,0,0,5,1,4,0.015,28,12,0,0,0,0,1,0,1,4,0
logback,0,0,0,0,0,0,0,0,0,10,0,9,0.08,48,18,0,0,0,0,0,0,1,4,0
logback,0,1,0,1,0,1,1,1,1,32,6,29,0.022,68,25,0,0,0,0,1,0,6,6,0
logback,0,0,0,1,0,1,0,0,0,6,0,5,0.025,64,23,0,0,0,0,0,0,6,6,0
logback,0,1,0,1,0,1,0,0,0,16,3,16,0.238,73,29,0,0,0,0,1,0,6,6,0
logback,0,1,0,1,0,1,0,0,0,8,2,9,0.003,64,25,0,0,0,0,0,0,6,6,0
logback,0,0,0,1,0,1,0,0,0,13,0,5,0.081,70,23,0,0,0,0,0,0,6,6,0
logback,0,0,0,1,0,1,0,0,0,13,0,5,0.069,67,26,0,0,0,0,1,0,6,6,0
logback,0,0,0,1,0,1,0,0,0,12,0,5,0.132,72,23,0,0,0,0,0,0,6,6,0
logback,0,0,0,1,1,1,0,0,0,7,0,8,0.027,76,23,0,0,0,0,0,0,6,7,0
logback,1,0,0,1,0,1,0,0,0,9,1,5,0.032,66,23,0,0,0,0,0,0,6,6,0
logback,0,1,0,1,0,0,0,0,0,19,3,10,0.028,22,6,0,0,0,0,0,0,1,2,0
logback,0,1,0,1,0,1,0,0,0,9,4,6,0.036,12,6,0,0,0,0,0,0,1,2,0
logback,0,1,0,1,0,0,0,0,0,9,4,9,0.064,26,7,0,0,0,0,1,0,1,3,0
logback,0,1,0,1,0,0,0,0,0,9,4,9,0.001,25,7,0,0,0,0,1,0,1,3,0
logback,0,1,0,1,0,0,0,0,0,7,4,8,0.001,24,7,0,0,0,0,1,0,1,3,0
logback,0,1,0,1,0,0,0,0,0,7,4,8,0.008,24,7,0,0,0,0,1,0,1,3,0
logback,0,1,0,1,0,0,0,0,0,9,3,6,0.001,21,8,0,0,0,0,0,2,1,2,0
logback,0,0,0,0,0,0,0,0,0,4,0,3,0.001,19,8,0,0,0,0,0,2,1,2,0
logback,0,0,0,0,0,0,0,0,0,4,0,4,0.012,21,8,0,0,0,0,0,2,1,2,0
logback,0,0,0,0,0,0,0,0,0,8,1,2,0.011,19,8,0,0,0,0,0,2,1,2,0
logback,0,1,0,1,0,1,0,0,0,14,6,15,0.002,30,9,0,0,0,0,0,2,5,5,0
logback,0,0,0,0,0,0,0,0,0,7,0,3,0.14,6,2,0,0,0,0,0,0,0,2,0
logback,0,0,0,0,0,0,0,0,0,6,0,2,0.03,5,2,0,0,0,0,0,0,0,2,0
logback,0,0,0,0,0,0,1,1,0,11,1,8,0.111,19,8,0,0,0,0,0,0,0,2,0
logback,0,0,0,0,0,0,1,1,0,11,1,9,0.443,26,8,0,0,0,0,0,0,0,2,0
logback,0,0,1,0,0,0,0,0,1,15,0,3,0.022,32,12,0,0,0,0,1,0,1,3,0
logback,1,0,0,0,1,1,1,0,0,21,0,19,0.308,72,28,0,0,0,0,1,0,5,6,0
logback,0,0,0,1,0,0,0,0,0,14,1,9,0.009,11,2,0,0,0,0,0,0,1,2,0
logback,0,1,0,1,0,0,0,0,0,14,2,12,0.032,14,2,0,0,0,0,0,0,1,2,0
logback,0,0,0,1,0,1,1,1,0,21,1,17,0.411,83,31,0,0,0,0,1,0,1,6,0
logback,0,0,0,0,0,0,0,0,0,9,0,2,0.003,14,4,0,0,0,0,1,0,2,2,0
logback,0,0,0,0,0,0,0,0,0,9,0,2,0.004,7,2,0,0,0,0,0,0,0,2,0
logback,0,0,0,0,0,0,0,0,0,4,0,3,0.064,10,4,0,0,0,0,1,0,2,2,0
logback,0,0,0,0,0,1,0,0,0,6,1,14,0.645,113,52,0,0,0,1,1,2,4,6,0
logback,0,0,0,0,0,1,0,0,0,7,1,11,0.018,82,36,0,0,0,0,1,3,3,4,0
logback,0,0,0,0,0,1,0,0,0,9,1,11,0.012,84,36,0,0,0,0,1,3,3,4,0
logback,0,0,0,0,0,1,0,0,0,8,1,16,0.019,100,38,0,0,0,0,1,2,2,4,0
logback,0,0,0,0,0,0,0,0,0,5,0,7,0,75,44,0,0,0,1,1,2,4,6,0
logback,0,0,0,0,0,0,0,0,0,5,0,7,0.102,83,42,0,0,0,1,1,3,6,6,0
logback,0,0,0,0,0,1,0,0,0,5,0,8,0.021,81,40,0,0,0,1,1,3,6,6,0
logback,0,1,0,0,0,1,0,0,0,6,2,11,0.075,98,48,0,0,0,1,1,3,4,6,3
logback,0,0,0,0,0,0,0,0,0,6,0,7,0.039,78,40,0,0,0,1,1,3,6,6,0
logback,0,0,0,0,0,1,0,0,0,10,1,13,0.011,84,40,0,0,0,1,1,3,6,6,0
logback,0,1,0,0,0,1,0,0,0,6,2,11,0.08,116,43,0,0,0,1,1,3,3,6,3
logback,0,0,0,0,0,0,0,0,0,5,0,8,0.021,111,43,0,0,0,1,1,3,6,6,2
logback,0,1,0,0,0,1,0,0,0,10,2,11,1.046,102,48,0,0,0,1,1,3,6,6,3
logback,0,1,0,0,0,0,1,0,0,14,4,13,0.169,129,44,0,0,0,1,1,3,3,6,1
logback,0,0,0,0,0,1,0,0,0,6,1,13,0.01,52,19,0,0,0,1,1,1,2,5,3
logback,0,0,0,0,0,1,0,0,0,7,1,13,0.004,46,19,0,0,0,1,1,1,2,5,3
logback,0,1,0,0,0,1,0,0,0,6,2,13,0.11,54,20,0,0,0,0,1,0,3,5,3
logback,0,1,0,0,0,1,0,0,0,6,2,5,0.125,25,16,0,0,0,0,0,0,1,3,0
logback,0,1,0,0,0,1,0,0,0,6,2,5,0,24,16,0,0,0,0,0,0,1,3,0
logback,0,1,0,0,0,1,0,0,0,7,2,8,0.002,28,15,0,0,0,0,0,0,1,5,3
logback,0,1,0,0,0,1,0,0,0,6,2,7,0.073,50,22,0,0,0,1,1,1,4,5,0
logback,0,1,0,0,0,1,0,0,0,7,2,7,0.004,48,22,0,0,0,1,1,1,4,5,0
logback,0,1,0,0,0,1,0,0,0,6,2,7,0,31,20,0,0,0,1,1,1,2,4,0
logback,0,1,0,0,0,1,0,0,0,6,2,9,0.063,57,24,0,0,0,1,1,1,4,5,0
logback,0,1,0,0,0,1,0,0,0,7,2,9,0.001,47,20,0,0,0,1,1,1,2,4,0
logback,0,0,0,0,0,1,0,0,0,6,0,11,2.785,91,51,0,0,0,1,1,2,4,6,0
logback,0,0,0,0,0,0,0,0,0,5,1,7,2.604,84,52,0,0,0,1,1,2,4,5,0
logback,0,1,0,0,0,1,0,0,0,8,2,16,0.034,122,48,0,0,0,1,1,3,6,6,2
logback,0,1,0,0,0,1,0,0,0,7,3,14,0.056,122,51,0,0,0,1,1,3,6,6,2
logback,0,0,0,0,0,0,0,0,0,5,0,11,0.036,109,48,0,0,0,1,1,3,6,6,2
logback,0,0,0,0,0,0,0,0,0,5,0,11,0.044,109,48,0,0,0,1,1,3,6,6,2
logback,0,0,0,0,0,0,0,0,0,4,0,11,0.045,118,51,0,0,0,1,1,3,6,6,2
logback,0,0,0,0,0,0,0,0,0,4,0,11,0.073,109,48,0,0,0,1,1,3,6,6,2
logback,0,0,0,0,0,1,0,0,0,5,1,13,0.031,119,48,0,0,0,1,1,3,6,6,2
logback,0,0,0,0,0,1,0,0,0,4,0,3,0.025,36,12,0,0,0,0,0,0,1,5,0
logback,0,0,0,0,0,1,0,0,0,4,0,2,2.027,27,12,0,0,0,0,0,0,1,5,0
logback,0,0,0,0,0,0,0,0,0,4,0,5,0.031,37,12,0,0,0,0,0,0,1,3,0
logback,0,0,0,0,0,0,0,0,0,3,0,1,0.04,22,12,0,0,0,0,0,0,1,3,0
logback,0,0,0,0,0,0,0,0,0,3,0,3,0.02,31,12,0,0,0,0,0,0,1,4,0
logback,0,0,0,0,0,1,0,0,0,4,0,5,0.026,36,12,0,0,0,0,0,0,1,5,0
logback,0,0,0,0,0,1,0,0,0,4,0,5,0.015,36,12,0,0,0,0,0,0,1,5,0
logback,0,0,0,0,0,0,0,0,0,4,0,5,0.023,32,12,0,0,0,0,0,0,1,5,0
logback,0,0,0,0,0,0,0,0,0,3,0,4,0.018,32,12,0,0,0,0,0,0,1,3,0
logback,0,1,0,0,0,1,0,0,0,18,5,14,0.353,75,30,0,0,0,0,1,2,6,6,0
logback,0,1,0,0,0,1,0,0,0,18,5,14,0.007,90,30,0,0,0,0,1,3,6,6,0
logback,0,1,0,0,0,1,0,0,0,6,2,9,0.011,29,14,0,0,0,0,1,2,2,2,0
logback,0,1,0,0,0,1,0,0,0,6,2,10,0.023,25,14,0,0,0,0,1,2,2,3,0
logback,0,1,0,0,0,1,0,0,0,10,3,13,0.249,28,14,0,0,0,0,1,2,2,3,0
logback,0,1,0,0,0,1,0,0,0,12,4,16,0.012,28,13,0,0,0,0,1,2,2,3,1
logback,0,0,0,0,0,0,0,0,0,10,0,7,0.028,110,50,0,0,0,1,1,2,4,6,0
logback,0,0,0,0,0,0,0,0,0,10,0,8,0.102,112,47,0,0,0,1,1,3,3,6,0
logback,0,0,0,0,0,0,0,0,0,10,0,12,0.025,110,46,0,0,0,1,1,3,3,6,0
logback,0,0,0,0,0,0,0,0,0,12,0,11,0.672,106,49,0,0,0,1,1,2,4,6,0
logback,0,1,0,0,0,1,0,0,0,12,6,20,0.023,143,56,0,0,0,1,1,2,6,6,0
logback,0,1,0,0,0,1,0,0,0,20,11,24,0.66,140,57,0,0,0,1,1,2,6,6,0
logback,0,1,0,0,0,1,0,0,0,14,7,19,0.015,137,57,0,0,0,1,1,2,6,6,0
logback,0,0,0,0,0,0,0,0,0,3,0,2,0.467,65,34,0,0,0,0,1,2,6,6,0
logback,0,0,0,0,0,0,0,0,0,3,0,4,0.028,83,34,0,0,0,0,1,3,6,6,0
logback,0,0,0,0,0,0,0,0,0,3,0,2,0.019,64,33,0,0,0,0,1,2,6,6,0
logback,0,0,0,0,0,0,0,0,0,3,0,2,0.02,64,33,0,0,0,0,1,2,6,6,0
logback,0,1,0,0,0,0,0,0,0,7,2,4,0.033,6,2,0,0,0,0,0,0,0,2,0
logback,0,0,0,0,0,0,0,0,0,12,1,8,0.008,10,2,0,0,0,0,0,0,0,2,0
logback,0,0,0,0,0,0,1,1,0,8,1,5,0.034,10,3,0,0,0,0,0,0,0,1,0
logback,0,0,0,1,0,0,0,0,0,5,1,8,0.007,11,3,0,0,0,0,0,0,0,2,0
logback,0,0,0,1,0,0,0,0,0,6,1,5,0.048,10,3,0,0,0,0,0,0,0,2,0
logback,0,1,0,0,0,1,0,0,0,6,3,4,0.02,7,3,0,0,0,0,1,2,2,2,0
logback,0,1,0,0,0,1,0,0,0,7,4,5,0,8,3,0,0,0,0,1,2,2,2,0
logback,0,1,0,0,0,1,0,0,0,7,4,5,0.001,8,3,0,0,0,0,1,2,2,2,0
logback,0,1,0,0,0,1,0,0,0,7,4,5,0.006,8,3,0,0,0,0,1,2,2,2,0
logback,0,1,0,0,0,1,0,0,0,5,2,3,0.001,6,3,0,0,0,0,1,2,2,2,0
logback,0,1,0,0,0,1,0,0,0,6,3,4,0.003,7,3,0,0,0,0,1,2,2,2,0
logback,0,1,0,0,0,0,0,0,0,43,7,2,0.011,28,3,0,0,0,0,1,3,3,3,0
logback,0,1,0,0,0,1,0,0,0,6,3,4,0.005,7,3,0,0,0,0,1,2,2,2,0
logback,0,1,0,0,0,0,0,0,0,44,7,2,0.005,28,3,0,0,0,0,1,3,3,3,0
logback,0,0,0,0,0,0,0,0,0,4,1,2,0.01,6,2,0,0,0,0,0,0,0,2,0
logback,0,0,0,0,0,0,0,0,0,4,1,2,0.045,7,3,0,0,0,0,0,0,0,2,0
logback,0,1,1,1,0,1,0,0,0,15,3,3,0.001,33,12,0,0,0,0,1,3,2,4,0
logback,0,1,1,1,0,1,0,0,0,18,4,4,0.009,39,13,0,0,0,0,1,2,2,4,0
logback,0,0,0,1,0,1,0,0,0,9,1,6,0.004,41,12,0,0,0,0,1,3,3,4,0
logback,0,1,0,1,0,1,0,0,0,16,4,5,0.043,38,14,0,0,0,0,1,2,2,4,0
logback,0,0,0,1,0,1,0,0,0,11,1,7,0.059,42,14,0,0,0,0,1,3,3,4,0
logback,0,1,1,1,0,1,0,0,0,15,3,4,0,35,12,0,0,0,0,1,2,2,3,0
logback,0,1,0,1,0,1,0,0,0,11,3,4,0,34,13,0,0,0,0,1,2,2,4,0
logback,0,1,1,1,0,1,0,0,0,14,3,3,0,32,12,0,0,0,0,1,2,2,3,0
logback,0,1,1,1,0,1,0,0,0,15,3,4,0.01,33,12,0,0,0,0,1,2,2,3,0
logback,0,1,1,1,0,1,0,0,0,14,3,4,0,34,13,0,0,0,0,1,2,2,4,0
logback,0,1,1,1,0,1,0,0,0,15,3,5,0.001,38,14,0,0,0,0,1,2,2,4,0
logback,0,1,0,0,0,1,0,0,0,13,2,9,0.308,39,22,0,0,0,0,1,2,2,4,0
logback,0,1,0,0,0,1,0,0,0,16,3,7,0.001,33,18,0,0,0,0,1,2,2,3,0
logback,0,1,0,0,0,0,0,0,0,12,2,8,0.122,55,27,0,0,0,0,1,2,6,6,0
logback,0,1,0,0,0,0,0,0,0,25,2,7,0.007,60,27,0,0,0,0,1,2,6,6,0
logback,0,1,0,0,0,0,0,0,0,9,3,13,0.01,79,29,0,0,0,0,1,3,6,6,0
logback,0,1,0,0,0,1,0,0,0,11,2,12,0.064,41,16,0,0,0,0,0,0,1,2,0
logback,0,1,0,0,0,0,0,0,0,36,13,15,0.138,59,11,0,0,0,0,1,0,1,3,0
logback,0,1,0,0,0,0,0,0,0,12,3,9,0,36,10,0,0,0,0,1,0,1,4,0
logback,0,1,0,1,0,0,0,0,0,13,3,10,0.001,38,10,0,0,0,0,1,0,1,3,0
logback,0,1,0,1,0,0,0,0,0,13,3,10,0.016,40,11,0,0,0,0,1,0,1,3,0
logback,0,0,0,0,0,1,0,0,0,4,1,2,0.002,29,11,0,0,0,0,1,0,1,3,0
logback,0,0,0,0,0,1,0,0,0,4,1,2,0.001,29,11,0,0,0,0,1,0,1,3,0
logback,0,0,0,0,0,1,0,0,0,4,1,2,0.004,30,11,0,0,0,0,1,0,1,3,0
logback,0,0,0,0,0,1,0,0,0,5,1,2,0.011,30,11,0,0,0,0,1,0,1,3,0
logback,0,0,0,0,0,0,0,0,0,5,1,6,0.012,32,11,0,0,0,0,1,0,1,3,0
logback,0,0,0,0,0,0,0,0,0,6,1,6,0.019,32,11,0,0,0,0,1,0,1,3,0
logback,0,1,0,0,0,0,0,0,0,8,3,5,0.009,34,10,0,0,0,0,1,0,1,4,0
logback,0,1,0,0,0,1,0,0,0,7,2,6,0.001,31,10,0,0,0,0,1,0,1,3,0
logback,0,0,0,0,0,1,0,0,0,5,1,5,0.004,29,10,0,0,0,0,1,0,1,3,0
logback,0,0,0,0,0,1,0,0,0,5,1,3,0.005,28,10,0,0,0,0,1,0,1,3,0
logback,0,1,0,0,0,0,0,0,0,28,7,1,0.012,44,10,0,0,0,0,1,0,1,3,0
logback,0,0,0,1,0,1,0,0,0,7,1,5,0.023,12,3,0,0,0,0,0,0,5,5,0
logback,0,1,0,1,0,1,0,0,0,8,2,6,0.009,26,14,0,0,0,3,3,3,3,3,0
logback,0,1,0,1,0,1,0,0,0,8,2,6,0,26,14,0,0,0,3,3,3,3,3,0
logback,0,1,0,1,0,1,0,0,0,8,2,6,0.01,26,14,0,0,0,3,3,3,3,3,0
logback,0,1,0,1,0,1,0,0,0,8,2,6,0.021,26,14,0,0,0,3,3,3,3,3,0
logback,0,1,0,1,0,1,0,0,0,8,2,7,0.013,25,13,0,0,0,3,3,3,3,3,0
logback,0,1,0,1,1,1,0,0,0,9,3,9,0.016,28,13,0,0,0,3,3,3,3,3,0
logback,0,1,0,1,1,0,0,0,0,12,2,9,0.039,28,15,0,0,0,3,3,3,3,3,0
logback,0,0,0,1,0,0,0,0,0,7,1,5,0.016,23,13,0,0,0,3,3,3,3,3,0
logback,0,1,0,1,1,0,0,0,0,12,2,8,0.01,26,13,0,0,0,3,3,3,3,3,0
logback,0,1,0,1,1,1,0,0,0,25,2,22,0.484,53,19,0,0,0,2,2,2,6,6,0
logback,0,0,0,1,0,1,0,0,0,7,1,6,1.138,39,22,0,0,0,2,2,2,4,5,0
logback,0,1,0,0,1,0,0,0,0,10,2,10,0.015,19,5,0,0,0,2,2,2,6,6,0
logback,0,1,0,0,1,1,0,0,0,31,5,16,0.106,32,5,0,0,0,2,2,2,6,6,0
logback,1,1,0,0,1,1,0,0,0,18,4,10,0.02,21,5,0,0,0,4,4,4,6,6,0
logback,0,1,0,1,0,1,0,0,0,9,4,11,0.002,39,17,0,0,0,2,2,4,6,6,0
logback,0,0,0,0,0,1,0,0,0,5,1,8,0.07,32,17,0,0,0,2,2,2,6,6,0
logback,0,1,0,1,0,1,0,0,0,13,5,13,0.026,42,19,0,0,0,2,2,2,6,6,0
logback,0,0,0,0,0,1,0,0,0,4,1,9,0.001,32,16,0,0,0,2,2,2,6,6,0
logback,0,1,0,1,1,1,0,0,0,16,2,16,0.046,48,18,0,0,0,1,2,0,6,6,0
logback,0,0,0,0,1,1,0,0,0,16,1,9,0.085,43,17,0,0,0,1,2,0,6,6,0
logback,0,0,0,0,1,1,0,0,0,14,1,13,0.062,41,17,0,0,0,1,2,0,6,6,0
logback,0,1,0,1,1,1,0,0,0,15,5,16,0.006,44,15,0,0,0,1,2,2,7,7,0
logback,0,1,0,0,1,0,0,0,0,14,2,9,0.437,34,14,0,0,0,1,2,0,6,6,0
logback,0,1,0,0,1,0,0,0,0,16,2,10,0.018,36,14,0,0,0,1,2,0,6,6,0
logback,0,0,0,0,0,1,0,0,0,16,1,12,0.507,60,27,0,0,0,2,2,2,6,6,0
logback,0,1,0,0,1,1,0,0,0,19,2,14,0.072,32,6,0,0,0,0,0,0,6,6,0
logback,0,0,0,1,0,1,0,0,0,6,1,10,1.21,68,29,0,0,0,1,2,2,7,7,0
logback,0,0,0,0,0,0,0,0,0,3,1,1,0.001,3,2,0,0,0,0,0,0,0,0,0
logback,0,0,0,1,0,0,0,0,0,4,1,2,0.256,4,2,0,0,0,0,0,0,4,4,0
logback,0,0,0,1,0,0,0,0,0,6,1,3,0,7,2,0,0,0,0,0,0,4,4,0
logback,0,0,0,1,0,0,0,0,0,4,1,2,0.004,15,6,0,0,0,0,0,0,4,4,0
logback,0,0,0,1,0,0,0,0,0,5,1,3,0.003,11,4,0,0,0,0,0,0,4,4,0
logback,0,0,0,1,0,0,0,0,0,6,1,4,0.011,17,6,0,0,0,0,0,0,4,4,0
logback,0,0,0,1,0,0,0,0,0,5,1,3,0.296,16,6,0,0,0,0,0,0,4,4,0
logback,0,0,0,1,0,0,0,0,0,5,1,3,0.895,10,4,0,0,0,0,0,0,4,4,0
logback,0,0,0,0,0,0,0,0,0,3,1,1,0.083,3,2,0,0,0,0,0,0,0,0,0
logback,0,0,0,1,0,0,0,0,0,6,1,3,0.004,6,2,0,0,0,0,0,0,4,4,0
logback,0,1,0,1,0,0,0,0,0,10,2,1,0.026,5,2,0,0,0,0,0,0,4,4,0
logback,0,1,0,1,0,0,0,0,0,10,2,1,0.198,5,2,0,0,0,0,0,0,4,4,0
logback,0,0,0,0,0,0,0,0,0,3,1,1,0.053,8,5,0,0,0,0,0,0,0,0,0
logback,0,1,0,1,0,1,0,0,0,27,12,18,0.142,43,16,0,0,0,0,0,0,8,8,0
logback,0,1,0,0,0,1,0,0,0,5,2,2,0.958,15,12,0,0,0,0,0,0,8,8,0
logback,0,0,0,0,0,1,0,0,0,7,1,7,0.011,18,11,0,0,0,0,0,0,4,4,0
logback,0,0,0,0,0,1,0,0,0,5,1,5,0.075,23,9,0,0,0,0,1,0,4,4,0
logback,0,0,0,0,0,1,0,0,0,6,1,12,0.001,17,11,0,0,0,0,0,0,4,4,0
logback,0,0,0,0,0,1,0,0,0,5,1,5,0.001,24,9,0,0,0,0,1,0,4,4,0
logback,0,0,0,1,0,1,0,0,0,8,1,14,0.004,28,12,0,0,0,0,0,0,4,4,0
logback,0,0,0,1,0,1,0,0,0,7,1,13,0.003,27,12,0,0,0,0,0,0,4,4,0
logback,0,0,0,1,0,1,0,0,0,7,1,13,0.001,27,12,0,0,0,0,0,0,4,4,0
logback,0,0,0,1,0,1,0,0,0,8,1,14,0.001,28,12,0,0,0,0,0,0,4,4,0
logback,0,0,0,1,0,1,0,0,0,7,1,16,0.002,29,12,0,0,0,0,0,0,4,4,0
logback,0,0,0,1,0,1,0,0,0,7,1,10,0.009,27,12,0,0,0,0,0,0,4,4,0
logback,0,0,0,1,0,1,0,0,0,5,1,5,0.004,23,9,0,0,0,0,1,0,4,4,0
logback,0,0,0,1,0,1,0,0,0,5,1,5,0.002,24,9,0,0,0,0,1,0,4,4,0
logback,0,0,0,0,0,0,0,0,0,3,1,1,0.208,3,2,0,0,0,0,0,0,0,0,0
logback,0,0,0,1,0,0,0,0,0,4,1,2,0,4,2,0,0,0,0,0,0,4,4,0
logback,0,0,0,1,0,0,0,0,0,6,1,3,0.001,7,2,0,0,0,0,0,0,4,4,0
logback,0,0,0,0,0,0,0,0,0,7,0,3,0.001,30,18,0,0,0,0,1,0,3,3,0
logback,0,0,0,0,0,0,0,0,0,7,0,3,0.014,25,16,0,0,0,0,0,0,1,3,0
logback,0,0,0,0,0,0,0,0,0,7,0,3,0.001,24,16,0,0,0,0,0,0,1,3,0
logback,0,0,0,0,0,0,0,0,0,7,0,3,0.002,30,18,0,0,0,0,1,0,3,3,0
logback,0,0,0,0,0,0,0,0,0,7,0,3,0.124,30,18,0,0,0,0,1,0,3,3,0
logback,0,1,0,0,0,0,0,0,0,18,2,3,0.225,66,25,0,0,0,0,1,0,1,4,0
logback,0,1,0,0,0,0,0,0,0,28,2,6,0.124,59,28,0,0,0,0,0,0,1,4,0
logback,0,1,0,0,0,0,0,0,0,46,5,7,0.014,101,29,0,0,0,0,1,0,1,4,0
logback,0,1,0,0,0,0,0,0,0,70,8,5,0.026,102,25,0,0,0,0,1,0,1,4,0
logback,0,0,0,0,0,1,0,0,0,7,1,7,0,35,15,0,0,0,0,1,0,1,3,0
logback,0,0,0,0,0,1,0,0,0,9,0,10,0.009,47,22,0,0,0,0,0,0,6,6,0
logback,0,0,0,0,0,0,0,0,0,10,1,3,0.001,50,22,0,0,0,0,1,0,1,4,0
logback,0,1,0,1,0,0,0,0,0,16,2,0,0.002,11,2,0,0,0,0,0,0,0,3,0
logback,0,0,0,0,0,0,0,0,0,8,1,1,0,10,2,0,0,0,0,0,0,0,2,0
logback,0,1,0,1,0,0,0,0,0,16,2,0,0.025,11,2,0,0,0,0,0,0,0,2,0
logback,0,1,0,1,0,0,0,0,0,17,2,0,0.001,11,2,0,0,0,0,0,0,0,3,0
logback,0,1,0,1,0,0,0,0,0,28,3,0,0.005,20,2,0,0,0,0,0,0,0,3,0
logback,0,0,0,0,0,0,0,0,0,9,1,2,0.001,30,12,0,0,0,0,1,0,1,4,0
logback,0,0,0,0,0,1,0,0,0,8,1,10,0.022,39,16,0,0,0,0,1,0,1,4,0
logback,0,1,0,0,0,1,0,0,0,13,2,10,0.042,40,20,0,0,0,0,0,0,6,6,0
logback,0,1,0,0,0,1,0,0,0,6,2,5,0.001,29,12,0,0,0,0,1,0,1,3,0
logback,0,1,0,0,0,0,0,0,0,79,5,6,0.007,89,15,0,0,0,0,1,0,1,4,0
logback,0,0,0,0,0,1,0,0,0,14,1,14,0.007,43,16,0,0,0,0,1,0,1,4,0
logback,0,1,0,0,0,0,0,0,0,42,5,4,0.062,71,16,0,0,0,0,1,0,1,4,0
logback,0,1,0,0,0,0,0,0,0,22,2,4,0.004,47,16,0,0,0,0,1,0,1,4,0
logback,0,0,0,0,0,0,0,0,0,17,1,5,0,45,15,0,0,0,0,1,0,1,4,0
logback,0,0,0,0,0,1,0,0,0,10,1,12,0.008,42,17,0,0,0,0,1,0,1,4,0
logback,0,0,0,0,0,1,0,0,0,11,1,13,0,43,17,0,0,0,0,1,0,1,4,0
logback,0,0,0,0,0,0,0,0,0,15,1,12,0.009,56,26,0,0,0,0,0,0,1,4,0
logback,0,0,0,0,0,1,0,0,0,13,1,11,0,29,14,0,0,0,0,0,0,6,3,0
logback,0,0,0,0,0,1,0,0,0,9,1,12,0.003,66,29,0,0,0,0,0,0,1,4,0
logback,0,0,0,0,0,1,0,0,0,9,1,12,0.25,66,29,0,0,0,0,0,0,1,4,0
logback,0,0,0,0,0,1,0,0,0,13,1,12,0.011,33,14,0,0,0,0,0,0,6,6,0
logback,0,0,0,0,0,1,0,0,0,13,1,12,0.001,54,27,0,0,0,0,0,0,1,4,0
logback,0,0,0,0,0,1,0,0,0,9,1,11,0.006,42,20,0,0,0,0,0,0,1,3,0
logback,0,0,0,0,0,1,0,0,0,9,1,8,0.098,27,13,0,0,0,0,0,0,1,4,0
logback,0,0,0,0,0,1,0,0,0,9,1,8,0.004,27,13,0,0,0,0,0,0,1,4,0
logback,0,1,0,0,0,0,0,0,0,25,2,0,0.001,27,5,0,0,0,0,0,0,0,1,0
logback,0,0,0,0,0,0,0,0,0,16,1,0,0.076,25,8,0,0,0,0,0,0,0,2,0
logback,0,1,0,0,0,0,0,0,0,33,3,0,0,31,6,0,0,0,0,0,0,0,4,0
logback,0,0,0,0,0,0,0,0,0,17,1,15,0.007,27,7,0,0,0,0,0,0,0,4,0
logback,0,0,0,0,0,0,0,0,0,7,1,1,0.001,8,4,0,0,0,0,0,0,0,1,0
logback,0,0,0,0,0,0,0,0,0,7,1,5,0,17,6,0,0,0,0,0,0,0,3,0
logback,0,0,0,0,0,0,0,0,0,8,1,6,0,12,5,0,0,0,0,0,0,0,3,0
logback,0,1,0,0,0,0,0,0,0,51,6,1,0.001,54,5,0,0,0,0,0,0,0,3,0
logback,0,1,0,0,0,0,0,0,0,38,4,1,0.016,39,5,0,0,0,0,0,0,0,2,0
logback,0,1,0,0,0,0,0,0,0,22,3,1,0.002,23,5,0,0,0,0,0,0,0,3,0
logback,0,0,0,0,0,0,0,0,0,22,1,19,0,29,5,0,0,0,0,0,0,0,4,0
logback,0,0,0,0,0,0,0,0,0,17,1,13,0.008,23,5,0,0,0,0,0,0,0,4,0
logback,0,1,0,0,0,0,0,0,0,47,4,0,0.001,46,7,0,0,0,0,0,0,0,4,0
logback,0,0,0,0,0,0,0,0,0,14,1,12,0,24,7,0,0,0,0,0,0,0,3,0
logback,0,0,0,0,0,0,0,0,0,19,1,17,0.001,29,7,0,0,0,0,0,0,0,3,0
logback,0,0,0,0,0,0,0,0,0,6,1,4,0.009,13,5,0,0,0,0,0,0,0,3,0
logback,0,0,0,0,0,0,0,0,0,10,1,6,0.009,19,5,0,0,0,0,0,0,0,1,0
logback,0,1,0,1,0,0,0,0,0,15,2,0,0.001,10,2,0,0,0,0,0,0,0,2,0
logback,0,1,0,1,0,0,0,0,0,15,2,0,0.004,10,2,0,0,0,0,0,0,0,2,0
logback,0,1,0,1,0,0,0,0,0,13,2,1,0.001,12,2,0,0,0,0,0,0,0,2,0
logback,0,1,0,1,0,0,0,0,0,14,2,0,0.036,10,2,0,0,0,0,0,0,0,2,0
logback,0,0,0,1,0,0,0,0,0,6,1,3,0.051,11,6,0,0,0,0,0,0,0,2,0
logback,0,1,0,1,0,0,0,0,0,7,2,4,0.002,12,6,0,0,0,0,0,0,7,2,0
logback,1,1,0,0,1,0,0,0,0,5,2,3,0.062,5,2,0,0,0,0,0,0,0,2,0
logback,0,0,1,1,0,0,0,0,0,16,1,4,0.011,13,2,0,0,0,0,0,0,0,2,0
logback,0,0,0,1,0,0,0,0,0,7,1,3,0.007,7,2,0,0,0,0,0,0,0,2,0
logback,1,0,0,0,1,1,1,1,0,19,0,13,1.677,29,12,0,0,0,0,0,0,5,6,2
logback,0,1,0,0,0,0,1,0,0,13,2,8,0.131,33,14,0,0,0,0,0,0,1,3,0
logback,0,1,0,0,0,0,1,0,0,14,2,6,0.005,29,14,0,0,0,0,0,0,1,3,0
logback,0,0,0,0,0,0,1,0,0,14,1,6,0.045,22,12,0,0,0,0,0,0,1,3,0
logback,0,1,0,0,0,0,0,0,0,14,2,7,0.026,77,32,0,0,0,0,1,0,1,6,0
logback,0,1,0,0,0,0,0,0,0,18,2,7,0.002,74,29,0,0,0,0,1,0,5,6,0
logback,0,0,0,0,0,0,0,0,0,6,1,10,0.014,68,28,0,0,0,0,1,0,1,4,0
logback,0,1,0,0,0,0,0,0,0,15,3,13,0.354,79,30,0,0,0,0,1,0,1,6,0
logback,0,1,0,0,0,0,0,0,0,11,2,7,0.001,59,27,0,0,0,0,1,0,1,4,0
logback,0,0,0,0,0,0,0,0,0,8,1,11,0.004,64,29,0,0,0,0,1,0,1,4,0
logback,0,1,0,0,0,0,0,0,0,26,6,19,0.001,65,25,0,0,0,0,1,0,1,4,0
logback,0,0,0,0,0,0,0,0,0,4,1,9,0.001,55,25,0,0,0,0,1,0,1,4,0
logback,0,0,1,0,0,1,1,1,0,10,1,5,0.069,19,5,0,0,0,0,0,0,6,6,0
logback,0,1,0,0,0,0,0,0,0,30,5,0,0.017,18,3,0,0,0,0,0,0,0,3,0
logback,0,0,0,1,0,0,0,0,0,15,1,4,0.02,13,2,0,0,0,0,0,0,0,2,0
logback,0,0,0,1,0,0,0,0,0,11,1,4,0.165,11,3,0,0,0,0,0,0,0,2,0
logback,0,0,0,0,1,0,0,0,0,10,0,16,3.406,115,60,0,0,0,0,1,0,3,6,0
logback,0,0,0,0,1,0,0,0,0,7,0,15,2.414,144,67,0,0,0,0,1,0,6,6,0
logback,0,0,0,0,0,1,1,1,0,14,1,10,0.188,29,17,0,0,0,0,0,0,1,4,0
logback,0,1,0,1,1,1,0,0,0,28,6,36,0.013,136,53,0,0,0,0,0,0,1,6,0
logback,0,1,0,1,1,1,0,0,0,16,4,27,0.04,115,51,0,0,0,0,0,0,1,4,0
logback,0,1,0,0,0,0,0,0,0,9,2,10,0.029,99,49,0,0,0,0,0,0,1,4,0
logback,0,0,0,1,0,1,0,0,0,11,0,19,0.026,100,50,0,0,0,0,0,0,1,4,0
logback,0,0,0,1,1,1,0,0,0,9,0,13,0.003,52,24,0,0,0,0,0,0,1,4,0
logback,0,0,0,1,1,1,0,0,0,8,0,8,0.005,41,25,0,0,0,0,0,0,1,4,0
logback,0,0,0,1,1,1,0,0,0,16,1,26,0.034,119,54,0,0,0,0,0,0,6,6,0
logback,0,0,0,0,0,0,0,0,0,5,1,5,0.001,34,18,0,0,0,0,1,0,1,4,0
logback,0,0,0,0,0,0,0,0,0,10,0,11,0.018,61,24,0,0,0,0,0,0,6,6,0
logback,0,1,0,1,1,1,0,0,0,18,3,28,0.509,129,59,0,0,0,0,1,0,3,6,0
logback,0,1,0,1,1,1,0,0,0,15,2,28,0.03,126,56,0,0,0,0,1,0,6,6,0
logback,0,0,0,0,0,0,1,0,1,3,0,25,0.047,140,57,0,0,0,0,0,0,1,4,0
logback,0,0,0,0,0,0,1,0,1,3,0,25,0.107,139,58,0,0,0,0,0,0,1,4,0
logback,0,0,0,0,0,0,1,0,1,3,0,28,0.425,139,67,0,0,0,0,1,0,2,6,0
logback,0,0,0,0,0,0,1,0,1,3,0,28,0.128,140,68,0,0,0,0,1,0,2,6,0
logback,0,0,0,0,1,0,0,0,0,3,0,27,0.109,133,66,0,0,0,0,1,0,2,6,0
logback,0,0,0,0,1,0,0,0,0,3,0,24,0.084,149,62,0,0,0,0,0,0,1,4,0
logback,0,0,0,0,1,1,1,0,0,5,0,29,0.113,152,62,0,0,0,0,0,0,1,4,0
logback,0,0,0,0,1,1,0,0,0,12,0,7,0.002,87,47,0,0,0,0,0,0,1,4,0
logback,0,0,0,0,0,0,1,0,0,6,0,16,0.431,99,50,0,0,0,0,0,0,1,4,0
logback,0,0,0,0,0,0,1,0,0,7,0,15,0.675,110,55,0,0,0,0,1,0,6,6,0
logback,0,0,0,0,0,1,1,0,0,9,0,20,0.442,120,53,0,0,0,0,0,0,6,6,0
logback,0,1,0,0,0,1,0,0,0,35,6,3,0.107,42,11,0,0,0,0,0,0,1,3,0
logback,0,0,0,1,0,0,0,0,1,14,1,2,0.024,95,48,0,0,0,0,0,0,1,4,0
logback,0,0,0,1,0,0,0,0,1,14,1,2,0.401,96,48,0,0,0,0,0,0,1,4,0
logback,0,0,1,0,0,1,0,0,0,22,0,2,0,36,19,0,0,0,0,0,0,1,4,0
logback,0,0,0,0,0,0,1,0,0,3,0,26,0.46,148,62,0,0,0,0,1,3,6,6,0
logback,0,0,0,0,0,0,1,0,0,3,0,22,0.046,130,62,0,0,0,0,1,0,6,6,0
logback,0,0,0,0,0,0,1,0,0,3,0,23,0.036,136,58,0,0,0,0,0,0,6,6,0
logback,0,0,0,0,0,0,1,0,0,3,0,23,0.078,136,58,0,0,0,0,0,0,6,6,0
logback,0,0,0,0,0,0,1,0,0,3,0,23,0.139,135,58,0,0,0,0,0,0,6,6,0
logback,0,0,0,0,1,0,1,0,0,3,0,24,0.057,125,57,0,0,1,1,1,1,1,4,0
logback,0,0,0,0,1,0,1,0,0,3,0,25,0.037,138,60,0,0,0,0,0,0,1,4,0
logback,1,0,0,0,1,0,1,0,0,3,0,24,0.057,137,60,0,0,0,0,0,0,1,4,0
logback,1,0,0,0,1,0,1,0,0,3,0,24,0.056,147,60,0,0,0,0,0,0,1,6,0
logback,0,0,0,0,0,1,1,1,0,7,0,17,1.347,95,53,0,0,0,0,0,0,1,6,0
logback,0,0,0,0,0,1,0,0,0,11,0,14,0.209,100,55,0,0,0,0,0,0,1,6,0
logback,0,0,0,0,1,1,1,1,0,9,0,25,0.936,140,60,0,0,0,0,0,0,6,6,0
logback,0,0,0,0,0,1,1,1,0,13,0,19,1.459,127,65,0,0,0,0,1,0,6,6,0
logback,0,0,0,0,1,1,1,1,0,8,0,19,0.545,104,56,0,0,0,0,0,0,1,6,0
logback,0,0,0,0,0,1,1,1,0,7,0,17,0.374,97,54,0,0,0,0,0,0,1,6,0
logback,1,0,0,0,0,1,1,1,0,7,0,18,0.081,119,61,0,0,0,0,1,0,6,6,0
logback,0,0,0,0,0,1,1,1,0,7,0,17,1.028,97,54,0,0,0,0,0,0,1,6,0
logback,0,0,0,0,0,1,1,1,0,9,0,18,0.159,98,53,0,0,0,0,0,0,1,6,0
logback,0,0,0,0,1,1,1,1,0,9,0,22,1.231,118,60,0,0,0,0,0,0,6,6,0
logback,0,0,0,0,1,1,1,1,0,21,0,20,0.516,105,55,0,0,0,0,0,0,1,6,0
logback,0,1,0,0,0,1,0,0,0,14,4,20,0.001,50,18,0,0,0,0,1,0,6,6,0
logback,0,1,0,0,0,1,0,0,0,9,2,16,0.008,46,18,0,0,0,0,1,0,5,7,0
logback,0,1,0,0,0,1,0,0,0,6,2,7,0.001,30,13,0,0,0,0,1,0,5,5,0
logback,0,0,0,0,0,1,0,0,0,4,1,5,0.037,26,13,0,0,0,0,1,0,5,5,0
logback,0,1,0,0,0,1,0,0,0,8,3,17,0.03,46,18,0,0,0,0,1,0,5,6,0
logback,0,1,0,0,0,1,0,0,0,14,3,17,0.001,52,18,0,0,0,0,1,0,5,5,0
logback,0,1,0,0,0,1,0,0,0,26,6,19,0.001,52,18,0,0,0,0,1,0,5,5,0
logback,0,0,0,0,1,1,0,0,0,25,0,8,0.039,12,3,0,0,0,0,0,0,0,2,3
logback,0,0,0,0,0,1,0,0,0,18,0,5,1.542,8,2,0,0,0,0,0,0,0,2,4
logback,0,1,0,1,0,1,0,0,0,21,5,18,0.029,23,6,0,0,0,0,0,0,0,3,0
logback,0,0,0,1,1,1,0,0,0,12,1,11,0.005,24,8,0,0,0,0,0,0,0,3,0
logback,0,1,0,1,0,1,0,0,0,13,3,11,0,20,6,0,0,0,0,0,0,0,3,0
logback,0,1,0,1,1,1,0,0,0,12,3,11,0.001,18,6,0,0,0,0,0,0,0,3,0
logback,0,1,0,1,0,1,0,0,0,14,3,13,0.017,18,6,0,0,0,0,0,0,0,3,0
logback,0,1,0,1,0,1,0,0,0,11,2,10,0.025,18,6,0,0,0,0,0,0,0,3,0
logback,0,1,0,1,0,1,0,0,0,17,2,11,0.016,22,6,0,0,0,0,0,0,0,3,0
logback,0,1,0,0,0,1,0,0,0,12,4,10,0.007,18,8,0,0,0,0,0,0,5,5,0
logback,0,1,0,0,0,1,0,0,0,6,2,4,0.018,10,6,0,0,0,0,0,0,5,5,0
logback,0,1,0,0,0,1,0,0,0,10,4,7,0.013,15,8,0,0,0,0,0,0,5,5,0
logback,0,1,0,0,0,1,0,0,0,9,3,7,0.004,15,8,0,0,0,0,0,0,5,5,0
logback,0,0,0,0,0,1,0,0,0,7,0,5,2.014,26,14,0,0,0,0,0,0,5,5,0
logback,0,0,0,0,0,1,0,0,0,8,0,5,0.225,36,13,0,0,0,0,0,0,5,5,0
logback,0,0,0,0,0,1,0,0,0,10,0,7,0.155,26,14,0,0,0,0,0,0,5,5,0
logback,0,1,0,1,0,0,0,0,0,17,3,0,0.033,12,4,0,0,0,0,0,0,0,3,0
logback,0,1,0,1,0,0,0,0,0,29,3,0,0.012,19,5,0,0,0,0,0,0,0,3,0
logback,0,1,0,1,0,0,0,0,0,19,4,0,0.008,19,4,0,0,0,0,0,0,0,3,0
logback,0,0,0,0,0,0,0,0,0,3,1,1,0.042,10,6,0,0,0,0,0,0,1,2,0
logback,0,0,0,0,0,1,0,0,0,7,1,5,0.006,19,8,0,0,0,0,0,0,6,6,0
logback,0,0,0,0,0,1,0,0,0,4,1,2,0.014,14,8,0,0,0,0,0,0,6,6,0
logback,0,0,0,0,0,0,0,0,0,6,1,4,0.002,24,11,0,0,0,1,1,1,2,4,0
logback,0,0,0,0,0,0,0,0,0,6,1,5,0,22,10,0,0,0,1,1,1,2,4,0
logback,0,0,0,0,0,0,0,0,0,6,1,4,0.001,22,10,0,0,0,1,1,1,2,4,0
logback,0,0,0,0,0,0,0,0,0,6,0,5,0.015,30,12,0,0,0,1,1,1,2,4,0
logback,0,0,0,0,0,0,0,0,0,6,1,4,0,29,10,0,0,0,1,1,1,4,5,0
logback,0,0,0,0,0,0,0,0,0,7,1,5,0.015,30,12,0,0,0,1,1,1,4,6,0
logback,0,0,0,0,0,0,0,0,0,6,1,5,0.012,22,10,0,0,0,2,2,2,2,4,0
logback,0,0,0,0,0,0,0,0,0,6,1,4,0.001,23,10,0,0,0,1,1,1,2,4,0
logback,0,0,0,0,0,0,0,0,0,6,1,4,0.068,28,13,0,0,0,1,1,1,4,5,0
logback,0,0,0,0,0,0,0,0,0,6,1,4,0.028,24,11,0,0,0,1,1,1,2,4,0
logback,0,0,0,0,0,1,0,0,0,20,1,1,0.001,14,5,0,0,0,1,1,1,2,4,0
logback,0,0,0,0,0,1,0,0,0,7,1,5,0.001,15,5,0,0,0,1,1,1,2,4,0
logback,0,0,0,0,0,1,0,0,0,9,1,7,0.001,17,5,0,0,0,1,1,1,2,4,0
logback,0,0,0,0,0,1,0,0,0,8,1,7,0.022,21,6,0,0,0,1,1,1,2,5,0
logback,0,0,0,0,0,1,0,0,0,11,1,9,0,20,5,0,0,0,1,1,1,2,5,0
logback,0,0,0,0,0,1,0,0,0,32,1,21,0.017,32,6,0,0,0,1,1,1,3,5,0
logback,0,0,0,0,0,1,0,0,0,15,1,12,0,23,5,0,0,0,1,1,1,3,4,0
logback,0,0,0,0,0,1,0,0,0,7,1,5,0.071,22,8,0,0,0,1,1,1,4,5,0
logback,0,0,0,0,0,1,0,0,0,9,1,7,0.001,18,5,0,0,0,1,1,1,4,6,0
logback,0,0,0,0,0,1,0,0,0,8,1,6,0.013,17,5,0,0,0,1,1,1,2,4,0
logback,0,0,0,0,0,0,0,0,0,11,1,11,0.011,15,3,0,0,0,0,0,0,2,4,0
logback,0,0,0,0,0,0,0,0,0,8,1,8,0.004,10,3,0,0,0,0,0,0,2,4,0
logback,0,0,0,0,0,0,0,0,0,11,1,11,0.006,15,3,0,0,0,0,0,0,4,5,0
logback,0,0,0,0,0,0,0,0,0,12,1,11,0.002,15,3,0,0,0,1,1,1,2,4,0
logback,0,0,0,0,0,0,0,0,0,7,1,7,0.003,9,3,0,0,0,0,0,0,2,4,0
logback,0,0,0,0,0,0,0,0,0,15,1,14,0.001,17,3,0,0,0,0,0,0,2,5,0
logback,0,0,0,0,0,0,0,0,0,11,1,11,0.002,14,3,0,0,0,0,0,0,2,4,0
logback,0,0,0,0,0,0,0,0,0,13,1,11,0.065,20,5,0,0,0,0,0,0,4,5,0
logback,0,0,0,0,0,0,0,0,0,9,1,7,0.001,16,5,0,0,0,0,0,0,4,5,0
logback,0,1,0,1,0,0,0,0,0,5,2,3,0.002,6,2,0,0,0,0,0,0,0,2,0
logback,0,1,0,1,0,0,0,0,0,5,2,3,0.001,6,2,0,0,0,0,0,0,0,2,0
logback,0,1,0,1,0,0,0,0,0,5,2,3,0.027,7,2,0,0,0,0,0,0,0,2,0
logback,0,0,0,0,0,1,0,0,1,4,0,8,0.009,21,10,0,0,0,0,0,0,1,3,0
logback,0,0,0,0,0,0,0,0,1,5,0,3,0.018,18,10,0,0,0,0,0,0,1,3,0
logback,0,0,0,0,0,1,0,0,1,4,0,8,0.002,21,10,0,0,0,0,0,0,1,3,0
logback,0,0,0,0,0,0,0,0,1,4,0,3,0.008,18,10,0,0,0,0,0,0,1,3,0
logback,0,0,0,0,0,1,0,0,1,4,0,8,0,21,10,0,0,0,0,0,0,1,3,0
logback,0,0,0,0,0,0,0,0,1,4,0,3,0.118,18,10,0,0,0,0,0,0,1,3,0
logback,0,0,0,0,0,1,0,0,1,4,0,8,0.001,21,10,0,0,0,0,0,0,1,3,0
logback,0,1,0,1,0,0,0,0,1,76,15,0,0.052,3,2,0,0,0,0,0,0,0,0,0
logback,0,1,0,1,0,0,0,0,1,27,5,0,0.029,4,2,0,0,0,0,0,0,0,2,0
logback,1,0,0,0,0,1,1,1,0,12,0,9,0.033,43,8,0,0,0,0,1,0,5,5,0
logback,0,1,0,1,0,0,1,1,0,12,3,8,0.035,24,7,0,0,0,0,1,0,1,3,0
logback,0,1,0,1,0,0,1,1,0,10,3,7,0,24,7,0,0,0,0,1,0,1,3,0
logback,0,0,0,0,0,0,0,0,0,5,0,2,0.009,13,3,0,0,0,0,0,0,4,4,0
logback,0,0,0,0,0,0,0,0,0,3,0,3,0.006,7,2,0,0,0,0,0,0,4,4,0
logback,0,0,0,0,0,0,0,0,0,5,0,2,0.149,21,5,0,0,0,0,0,0,4,4,0
logback,0,0,0,0,0,0,0,0,0,3,0,3,0.009,8,2,0,0,0,0,0,0,4,4,0
logback,0,0,0,0,0,0,0,0,0,9,0,1,0.065,6,1,0,0,0,0,0,0,4,4,0
logback,0,0,0,0,0,0,0,0,0,4,0,1,0.002,18,5,0,0,0,0,0,0,4,4,0
logback,0,0,0,0,0,0,0,0,0,4,1,3,0.113,28,14,0,0,0,1,1,1,4,5,0
logback,0,0,0,0,0,0,0,0,0,5,1,3,0.004,28,11,0,0,0,1,1,1,2,4,0
logback,0,0,0,0,0,1,0,0,0,7,1,5,0.002,26,11,0,0,0,1,1,1,2,4,0
logback,0,0,0,0,0,1,0,0,0,8,1,6,0.001,28,11,0,0,0,1,1,1,2,4,0
logback,0,0,0,0,0,0,0,0,0,10,1,8,0.001,34,14,0,0,0,1,1,1,4,5,0
logback,0,0,0,0,0,0,0,0,0,11,1,2,0.001,25,10,0,0,0,1,1,1,2,4,0
logback,0,0,0,0,0,1,0,0,0,8,1,6,0.003,25,11,0,0,0,1,1,1,2,4,0
logback,0,0,0,0,0,0,0,0,0,6,1,4,0.001,28,14,0,0,0,1,1,1,4,5,0
logback,0,0,0,0,0,1,0,0,0,7,1,10,0,32,12,0,0,0,0,1,0,3,4,0
logback,0,1,0,0,0,1,0,0,0,29,3,27,0.001,52,14,0,0,0,0,1,0,3,4,0
logback,0,1,0,0,0,1,0,0,0,27,3,27,0.153,55,15,0,0,0,0,1,0,3,4,0
logback,0,0,0,0,0,0,0,0,0,5,1,3,0.007,13,2,0,0,0,0,0,0,4,4,0
logback,0,0,0,0,0,0,0,0,0,5,1,2,0.005,10,2,0,0,0,0,0,0,4,4,0
logback,0,0,0,0,0,0,0,0,0,5,1,2,0.004,5,2,0,0,0,0,0,0,4,4,0
logback,0,0,0,0,0,0,0,0,0,5,1,5,0.02,11,2,0,0,0,0,0,0,4,4,0
logback,0,0,0,0,0,0,0,0,0,5,1,4,0.001,10,2,0,0,0,0,0,0,4,4,0
logback,0,0,0,0,0,0,0,0,0,5,1,2,0.001,3,2,0,0,0,0,0,0,0,0,0
logback,0,1,0,0,0,0,0,0,0,12,2,8,0,9,2,0,0,0,0,0,0,0,1,0
logback,0,1,0,0,0,0,0,0,0,12,2,6,0.001,8,2,0,0,0,0,0,0,0,3,0
logback,0,1,0,0,0,0,0,0,0,10,2,9,0.063,12,2,0,0,0,0,0,0,0,5,0
logback,0,1,0,0,0,0,0,0,0,13,2,8,0,10,2,0,0,0,0,0,0,0,1,0
logback,0,1,0,0,0,0,0,0,0,9,2,6,0,11,2,0,0,0,0,0,0,0,5,0
logback,0,1,1,0,0,0,0,0,0,24,2,9,0,11,2,0,0,0,0,0,0,0,1,0
logback,0,0,0,0,0,1,0,0,0,7,1,5,1.237,60,28,0,0,0,0,0,0,5,5,1
logback,0,0,0,0,0,1,0,0,0,11,1,11,1.831,162,49,0,0,0,0,0,0,1,6,5
